    1               2             0.2               0
    2           1.975             0.2               0
    3               2           0.175               0
    4      1.97484227      0.17487172               0
    5               2            0.15               0
    6            1.95             0.2               0
    7      1.97468455      0.14974344               0
    8      1.94968455      0.17474344               0
    9       1.9493691     0.149486881               0
   10           1.925             0.2               0
   11               2           0.125               0
   12      1.97472856     0.124740731               0
   13      1.92462713     0.174742598               0
   14      1.94945713     0.124481462               0
   15      1.92425426     0.149485196               0
   16             1.9             0.2               0
   17               2             0.1               0
   18      1.97477258    0.0997380217               0
   19      1.89956971     0.174741756               0
   20      1.92425368     0.124352655               0
   21      1.94954516    0.0994760435               0
   22      1.89913942     0.149483512               0
   23           1.875             0.2               0
   24               2           0.075               0
   25       1.9242531    0.0992201142               0
   26      1.89905023     0.124223848               0
   27      1.97484891    0.0747322879               0
   28      1.87453939     0.174748789               0
   29      1.94969782    0.0744645758               0
   30      1.87407878     0.149497578               0
   31      1.89896105    0.0989641849               0
   32      1.92446961    0.0743251254               0
   33      1.87394325     0.124255207               0
   34            1.85             0.2               0
   35               2            0.05               0
   36      1.97492524     0.049726554               0
   37      1.84950907     0.174755822               0
   38      1.94985048    0.0494531081               0
   39      1.84901814     0.149511644               0
   40       1.8992414    0.0741856751               0
   41      1.87380773    0.0990128352               0
   42      1.92468612    0.0494301367               0
   43      1.84883627     0.124286565               0
   44           1.825             0.2               0
   45               2           0.025               0
   46      1.97496262     0.024863277               0
   47      1.82449661     0.174760464               0
   48      1.87410317     0.074161051               0
   49      1.89952175    0.0494071654               0
   50       1.8486544    0.0990614854               0
   51      1.94992524     0.024726554               0
   52      1.82399321     0.149520928               0
   53      1.92484306    0.0247150684               0
   54      1.82389445     0.124353446               0
   55      1.87439861    0.0493092669               0
   56      1.84896494    0.0741364269               0
   57             1.8             0.2               0
   58               2               0               0
   59           1.975               0               0
   60      1.89976088    0.0247035827               0
   61      1.79948414     0.174765105               0
   62      1.82379568    0.0991859635               0
   63            1.95               0               0
   64      1.79896829     0.149530211               0
   65      1.84927547    0.0492113684               0
   66           1.925               0               0
   67      1.79895262     0.124420326               0
   68      1.87469931    0.0246546334               0
   69      1.82403855    0.0742011381               0
   70             1.9               0               0
   71      1.79893695    0.0993104416               0
   72           1.775             0.2               0
   73      1.77449774     0.174785991               0
   74      1.84963774    0.0246056842               0
   75      1.82428141    0.0492163128               0
   76      1.77399549     0.149571983               0
   77           1.875               0               0
   78      1.79911215    0.0742658494               0
   79      1.77394143     0.124470805               0
   80      1.77388736    0.0993696272               0
   81      1.82464071    0.0246081564               0
   82            1.85               0               0
   83            1.75             0.2               0
   84      1.79928735    0.0492212571               0
   85      1.74951134     0.174806877               0
   86      1.74902269     0.149613754               0
   87      1.77407516    0.0744309587               0
   88      1.74893023     0.124521284               0
   89           1.825               0               0
   90      1.79964368    0.0246106286               0
   91      1.74883777    0.0994288129               0
   92      1.77426296    0.0494922901               0
   93           1.725             0.2               0
   94      1.72451607     0.174800859               0
   95      1.72403215     0.149601719               0
   96      1.74903817     0.074596068               0
   97             1.8               0               0
   98      1.77463148    0.0247461451               0
   99      1.72399421     0.124534707               0
  100      1.74923857    0.0497633231               0
  101      1.72395627    0.0994676949               0
  102             1.7             0.2               0
  103           1.775               0               0
  104      1.69952081     0.174794842               0
  105      1.72411323    0.0745186942               0
  106      1.69904161     0.149589683               0
  107      1.74961928    0.0248816615               0
  108      1.69905819      0.12454813               0
  109      1.72427019    0.0495696935               0
  110      1.69907477    0.0995065769               0
  111            1.75               0               0
  112           1.675             0.2               0
  113      1.69918829    0.0744413204               0
  114       1.7246351    0.0247848468               0
  115      1.67453431     0.174854566               0
  116      1.67406862     0.149709132               0
  117      1.67408247     0.124639147               0
  118      1.69930182    0.0493760639               0
  119           1.725               0               0
  120      1.67409633    0.0995691623               0
  121      1.69965091     0.024688032               0
  122      1.67422044    0.0745189199               0
  123            1.65             0.2               0
  124      1.64954781     0.174914291               0
  125      1.64909562     0.149828581               0
  126      1.67434454    0.0494686775               0
  127      1.64910675     0.124730165               0
  128             1.7               0               0
  129      1.64911788    0.0996317478               0
  130      1.67467227    0.0247343387               0
  131      1.64925258    0.0745965194               0
  132           1.625             0.2               0
  133      1.62463238     0.174978857               0
  134      1.62426475     0.149957715               0
  135      1.64938727     0.049561291               0
  136           1.675               0               0
  137       1.6242458     0.124888683               0
  138      1.62422685    0.0998196518               0
  139      1.64969363    0.0247806455               0
  140      1.62436776    0.0746988269               0
  141             1.6             0.2               0
  142      1.59971694     0.175043424               0
  143            1.65               0               0
  144      1.59943389     0.150086848               0
  145      1.62450867    0.0495780019               0
  146      1.59938485     0.125047202               0
  147      1.59933581     0.100007556               0
  148      1.62475433    0.0247890009               0
  149      1.59948294    0.0748011343               0
  150           1.575             0.2               0
  151           1.625               0               0
  152      1.57474775     0.174979753               0
  153      1.59963006    0.0495947128               0
  154      1.57449551     0.149959506               0
  155      1.57450343     0.124890496               0
  156      1.59981503    0.0247973564               0
  157      1.57451135    0.0998214873               0
  158      1.57462739    0.0747230176               0
  159             1.6               0               0
  160            1.55             0.2               0
  161      1.54977856     0.174916081               0
  162      1.57474342    0.0496245479               0
  163      1.54955712     0.149832163               0
  164      1.54962201     0.124733791               0
  165      1.57487171     0.024812274               0
  166      1.54968689    0.0996354188               0
  167      1.54977184    0.0746449009               0
  168           1.575               0               0
  169      1.54985678    0.0496543831               0
  170           1.525             0.2               0
  171       1.5248107     0.174864441               0
  172      1.52462141     0.149728882               0
  173      1.52466154     0.124567689               0
  174      1.54992839    0.0248271915               0
  175      1.52470168     0.099406496               0
  176      1.52484258     0.074463694               0
  177            1.55               0               0
  178      1.52498348    0.0495208919               0
  179             1.5             0.2               0
  180      1.49984284       0.1748128               0
  181      1.49968569       0.1496256               0
  182      1.49970108     0.124401587               0
  183      1.52499174     0.024760446               0
  184      1.49971648    0.0991775732               0
  185           1.525               0               0
  186      1.49991332     0.074282487               0
  187      1.50011017    0.0493874008               0
  188           1.475             0.2               0
  189      1.47478871     0.174779566               0
  190      1.47457742     0.149559133               0
  191      1.50005509    0.0246937004               0
  192      1.47456172     0.124293216               0
  193      1.47454603     0.099027299               0
  194             1.5               0               0
  195       1.4747943    0.0741516032               0
  196      1.47504256    0.0492759073               0
  197            1.45             0.2               0
  198      1.44973457     0.174746333               0
  199      1.44946915     0.149492665               0
  200      1.47502128    0.0246379537               0
  201      1.44942236     0.124184845               0
  202      1.44937558    0.0988770247               0
  203           1.475               0               0
  204      1.44967527    0.0740207193               0
  205      1.44997495    0.0491644139               0
  206           1.425             0.2               0
  207      1.42471561      0.17474498               0
  208      1.44998748     0.024582207               0
  209      1.42443122      0.14948996               0
  210      1.42438384     0.124212579               0
  211      1.42433646    0.0989351979               0
  212            1.45               0               0
  213       1.4246191    0.0740559937               0
  214      1.42490174    0.0491767896               0
  215             1.4             0.2               0
  216      1.39969665     0.174743627               0
  217      1.42495087    0.0245883948               0
  218       1.3993933     0.149487254               0
  219      1.39934532     0.124240312               0
  220           1.425               0               0
  221      1.39929734     0.098993371               0
  222      1.39956293    0.0740912681               0
  223      1.39982852    0.0491891652               0
  224           1.375             0.2               0
  225      1.39991426    0.0245945826               0
  226      1.37471119     0.174781841               0
  227      1.37442238     0.149563683               0
  228      1.37441914       0.1244691               0
  229             1.4               0               0
  230      1.37441591    0.0993745164               0
  231      1.37466371    0.0743293844               0
  232      1.37491152    0.0492842524               0
  233      1.37495576    0.0246421262               0
  234            1.35             0.2               0
  235      1.34972573     0.174820056               0
  236      1.34945146     0.149640112               0
  237      1.34949297     0.124697887               0
  238           1.375               0               0
  239      1.34953448    0.0997556617               0
  240       1.3497645    0.0745675006               0
  241      1.34999452    0.0493793395               0
  242      1.34999726    0.0246896698               0
  243           1.325             0.2               0
  244      1.32470635     0.174769274               0
  245       1.3244127     0.149538548               0
  246      1.32453468     0.124608234               0
  247            1.35               0               0
  248      1.32465666    0.0996779199               0
  249      1.32490025    0.0745294787               0
  250      1.32514385    0.0493810374               0
  251      1.32507192    0.0246905187               0
  252             1.3             0.2               0
  253      1.29968698     0.174718492               0
  254      1.29937395     0.149436984               0
  255           1.325               0               0
  256       1.2995764     0.124518581               0
  257      1.29977884    0.0996001781               0
  258      1.30003601    0.0744914567               0
  259      1.30029318    0.0493827353               0
  260      1.30014659    0.0246913677               0
  261           1.275             0.2               0
  262      1.27480679     0.174701194               0
  263      1.27461358     0.149402389               0
  264             1.3               0               0
  265      1.27481117     0.124380258               0
  266      1.27500877    0.0993581266               0
  267      1.27513468    0.0743888734               0
  268       1.2752606    0.0494196202               0
  269       1.2751303    0.0247098101               0
  270            1.25             0.2               0
  271       1.2499266     0.174683897               0
  272      1.24985321     0.149367793               0
  273           1.275               0               0
  274      1.25004595     0.124241934               0
  275      1.25023869     0.099116075               0
  276      1.25023335    0.0742862901               0
  277      1.25022802    0.0494565051               0
  278      1.25011401    0.0247282526               0
  279           1.225             0.2               0
  280       1.2250033     0.174692958               0
  281            1.25               0               0
  282       1.2250066     0.149385917               0
  283      1.22517116     0.124178345               0
  284      1.22533572    0.0989707737               0
  285      1.22531991    0.0741813157               0
  286      1.22530411    0.0493918577               0
  287      1.22515205    0.0246959288               0
  288             1.2             0.2               0
  289      1.20007999      0.17470202               0
  290           1.225               0               0
  291      1.20015999     0.149404041               0
  292      1.20029637     0.124114757               0
  293      1.20043275    0.0988254725               0
  294      1.20040647    0.0740763413               0
  295       1.2003802    0.0493272102               0
  296       1.2001901    0.0246636051               0
  297             1.2               0               0
  298           1.175             0.2               0
  299       1.1751285     0.174706735               0
  300        1.175257     0.149413469               0
  301      1.17547828     0.124266455               0
  302      1.17569957      0.09911944               0
  303      1.17558517    0.0742588709               0
  304      1.17547077    0.0493983018               0
  305      1.17523539    0.0246991509               0
  306           1.175               0               0
  307            1.15             0.2               0
  308        1.150177     0.174711449               0
  309        1.150354     0.149422898               0
  310       1.1506602     0.124418153               0
  311      1.15096639    0.0994134075               0
  312      1.15076387    0.0744414004               0
  313      1.15056135    0.0494693934               0
  314      1.15028067    0.0247346967               0
  315            1.15               0               0
  316           1.125             0.2               0
  317      1.12517108     0.174820491               0
  318      1.12534217     0.149640981               0
  319       1.1256311     0.124640516               0
  320      1.12592003    0.0996400505               0
  321      1.12574572    0.0746183897               0
  322      1.12557141    0.0495967289               0
  323      1.12528571    0.0247983644               0
  324           1.125               0               0
  325             1.1             0.2               0
  326      1.10016516     0.174929532               0
  327      1.10033033     0.149859064               0
  328        1.100602     0.124862879               0
  329      1.10087367    0.0998666935               0
  330      1.10072757     0.074795379               0
  331      1.10058148    0.0497240644               0
  332      1.10029074    0.0248620322               0
  333             1.1               0               0
  334           1.075             0.2               0
  335      1.07510599     0.175001433               0
  336      1.07521199     0.150002865               0
  337      1.07539728     0.124953546               0
  338      1.07558258    0.0999042275               0
  339       1.0755031    0.0748530477               0
  340      1.07542361     0.049801868               0
  341      1.07521181     0.024900934               0
  342           1.075               0               0
  343            1.05             0.2               0
  344      1.05004682     0.175073333               0
  345      1.05009365     0.150146666               0
  346      1.05019257     0.125044214               0
  347      1.05029149    0.0999417614               0
  348      1.05027862    0.0749107165               0
  349      1.05026575    0.0498796716               0
  350      1.05013287    0.0249398358               0
  351            1.05               0               0
  352           1.025             0.2               0
  353      1.02489107     0.174994826               0
  354      1.02478214     0.149989653               0
  355      1.02472634     0.124892841               0
  356      1.02467055    0.0997960287               0
  357      1.02477671    0.0748066124               0
  358      1.02488287    0.0498171961               0
  359      1.02494143     0.024908598               0
  360           1.025               0               0
  361               1             0.2               0
  362     0.999735316      0.17491632               0
  363     0.999470631     0.149832639               0
  364     0.999260119     0.124741468               0
  365     0.999049606    0.0996502959               0
  366     0.999274796    0.0747025083               0
  367     0.999499986    0.0497547206               0
  368     0.999749993    0.0248773603               0
  369               1               0               0
  370           0.975             0.2               0
  371     0.974552476     0.174841559               0
  372     0.974104953     0.149683117               0
  373     0.973897244      0.12455823               0
  374     0.973689535    0.0994333435               0
  375     0.973926403    0.0745371715               0
  376     0.974163272    0.0496409995               0
  377     0.974581636    0.0248204998               0
  378           0.975               0               0
  379            0.95             0.2               0
  380     0.949369637     0.174766798               0
  381     0.948739274     0.149533595               0
  382     0.948534369     0.124374993               0
  383     0.948329464    0.0992163911               0
  384     0.948578011    0.0743718348               0
  385     0.948826557    0.0495272785               0
  386     0.949413279    0.0247636392               0
  387            0.95               0               0
  388           0.925             0.2               0
  389     0.924292358     0.174679026               0
  390     0.923584716     0.149358051               0
  391     0.923253657     0.124280629               0
  392     0.922922597    0.0992032065               0
  393     0.923037133    0.0742679234               0
  394     0.923151668    0.0493326403               0
  395     0.924075834    0.0246663202               0
  396           0.925               0               0
  397             0.9             0.2               0
  398     0.899215079     0.174591254               0
  399     0.898430158     0.149182507               0
  400     0.897972944     0.124186265               0
  401      0.89751573    0.0991900219               0
  402     0.897496254     0.074164012               0
  403     0.897476779    0.0491380022               0
  404      0.89873839    0.0245690011               0
  405             0.9               0               0
  406           0.875             0.2               0
  407     0.874104153     0.174729898               0
  408     0.873208306     0.149459796               0
  409     0.872439715       0.1243332               0
  410     0.871671124    0.0992066045               0
  411     0.871299292    0.0741053866               0
  412     0.870927459    0.0490041688               0
  413      0.87296373    0.0245020844               0
  414           0.875               0               0
  415            0.85             0.2               0
  416     0.848993227     0.174868543               0
  417     0.847986455     0.149737086               0
  418     0.846906487     0.124480136               0
  419     0.845826518    0.0992231871               0
  420     0.845102329    0.0740467612               0
  421      0.84437814    0.0488703354               0
  422      0.84718907    0.0244351677               0
  423            0.85               0               0
  424           0.825             0.2               0
  425     0.823918899     0.175069933               0
  426     0.822837799     0.150139867               0
  427     0.821427889     0.125482958               0
  428      0.82001798      0.10082605               0
  429     0.817288458     0.075578603               0
  430           0.825               0               0
  431     0.819779468    0.0251655781               0
  432     0.814558936    0.0503311562               0
  433             0.8             0.2               0
  434     0.798844571     0.175271324               0
  435     0.797689143     0.150542648               0
  436     0.795949292      0.12648578               0
  437     0.794209441     0.102428912               0
  438             0.8               0               0
  439     0.789474586    0.0771104447               0
  440     0.792369866    0.0258959885               0
  441     0.784739732     0.051791977               0
  442           0.775             0.2               0
  443     0.774180336     0.175759464               0
  444     0.773360672     0.151518928               0
  445     0.772378288     0.128406152               0
  446     0.771395905     0.105293375               0
  447     0.769115618    0.0844439179               0
  448     0.766835331    0.0635944605               0
  449           0.775               0               0
  450     0.767884883     0.021821852               0
  451     0.760769766     0.043643704               0
  452            0.75             0.2               0
  453       0.7495161     0.176247604               0
  454       0.7490322     0.152495208               0
  455     0.748807285     0.130326523               0
  456      0.74858237     0.108157838               0
  457      0.74875665    0.0917773911               0
  458      0.74893093    0.0753969441               0
  459     0.745985287    0.0572313423               0
  460            0.75               0               0
  461       0.7433999    0.0177477155               0
  462     0.736799801     0.035495431               0
  463           0.725             0.2               0
  464     0.724967499     0.176241324               0
  465     0.731200808    0.0708189806               0
  466     0.724934999     0.152482647               0
  467     0.728768952    0.0891562692               0
  468     0.725636048     0.129988103               0
  469     0.726337096     0.107493558               0
  470     0.725135244    0.0508682241               0
  471           0.725               0               0
  472     0.721754747    0.0158624502               0
  473     0.718509494    0.0317249005               0
  474     0.713470687    0.0662410171               0
  475     0.708781255    0.0865351472               0
  476     0.704091823     0.106829277               0
  477      0.70246481     0.129649682               0
  478     0.700418899     0.176235043               0
  479             0.7             0.2               0
  480     0.700837798     0.152470087               0
  481     0.703726665    0.0446405097               0
  482     0.700219188    0.0279543699               0
  483     0.700109594     0.013977185               0
  484             0.7               0               0
  485     0.688943835     0.057556119               0
  486     0.684244104    0.0809567288               0
  487     0.679544373     0.104357339               0
  488     0.677864701     0.128113684               0
  489     0.675592515     0.175935014               0
  490      0.67618503     0.151870028               0
  491           0.675             0.2               0
  492     0.682318085    0.0384127954               0
  493     0.678659043    0.0192063977               0
  494           0.675               0               0
  495     0.664416982    0.0488712208               0
  496     0.659706952    0.0753783103               0
  497     0.654996922       0.1018854               0
  498     0.653264593     0.126577685               0
  499     0.651532263      0.15126997               0
  500     0.650766131     0.175634985               0
  501            0.65             0.2               0
  502     0.657208491    0.0244356104               0
  503            0.65               0               0
  504     0.634143429    0.0493327672               0
  505     0.631368401    0.0752972154               0
  506     0.627398873      0.12607923               0
  507     0.625602186     0.175448398               0
  508     0.626204373     0.150896797               0
  509     0.628593373     0.101261664               0
  510           0.625             0.2               0
  511     0.629571714    0.0246663836               0
  512           0.625               0               0
  513     0.600438241     0.175261812               0
  514     0.600876482     0.150523624               0
  515             0.6             0.2               0
  516     0.601533152     0.125580776               0
  517     0.602189823     0.100637928               0
  518     0.603029849    0.0752161205               0
  519     0.603869876    0.0497943136               0
  520     0.601934938    0.0248971568               0
  521             0.6               0               0
  522           0.575             0.2               0
  523     0.575165082     0.175177556               0
  524     0.575330163     0.150355111               0
  525     0.575815022     0.125348897               0
  526      0.57629988     0.100342683               0
  527     0.576867994    0.0750864475               0
  528     0.577436109    0.0498302121               0
  529     0.576218054    0.0249151061               0
  530           0.575               0               0
  531            0.55             0.2               0
  532     0.549891922     0.175093299               0
  533     0.549783844     0.150186598               0
  534     0.550096891     0.125117018               0
  535     0.550409937     0.100047438               0
  536     0.550706139    0.0749567745               0
  537     0.551002342    0.0498661107               0
  538     0.550501171    0.0249330553               0
  539            0.55               0               0
  540           0.525             0.2               0
  541     0.524756682     0.175015249               0
  542     0.524513365     0.150030497               0
  543     0.524663488     0.124900863               0
  544     0.524813611    0.0997712287               0
  545      0.52508978    0.0747578147               0
  546     0.525365948    0.0497444007               0
  547     0.525182974    0.0248722004               0
  548           0.525               0               0
  549             0.5             0.2               0
  550     0.499621443     0.174937198               0
  551     0.499242885     0.149874396               0
  552     0.499230086     0.124684708               0
  553     0.499217286     0.099495019               0
  554      0.49947342    0.0745588549               0
  555     0.499729554    0.0496226908               0
  556     0.499864777    0.0248113454               0
  557             0.5               0               0
  558           0.475             0.2               0
  559     0.474642955      0.17484807               0
  560     0.474285911     0.149696139               0
  561     0.474259731      0.12452289               0
  562     0.474233551    0.0993496416               0
  563     0.474450788    0.0744693743               0
  564     0.474668025     0.049589107               0
  565     0.474834013    0.0247945535               0
  566           0.475               0               0
  567            0.45             0.2               0
  568     0.449664468     0.174758941               0
  569     0.449328936     0.149517882               0
  570     0.449289376     0.124361073               0
  571     0.449249815    0.0992042643               0
  572     0.449428156    0.0743798938               0
  573     0.449606497    0.0495555233               0
  574     0.449803248    0.0247777616               0
  575            0.45               0               0
  576           0.425             0.2               0
  577     0.424745989     0.174652684               0
  578     0.424491978     0.149305369               0
  579     0.424423615     0.124262239               0
  580     0.424355253      0.09921911               0
  581     0.424440905    0.0743472203               0
  582     0.424526557    0.0494753306               0
  583     0.424763278    0.0247376653               0
  584           0.425               0               0
  585             0.4             0.2               0
  586      0.39982751     0.174546427               0
  587     0.399655019     0.149092855               0
  588     0.399557855     0.124163405               0
  589     0.399460691    0.0992339557               0
  590     0.399453654    0.0743145468               0
  591     0.399446617    0.0493951379               0
  592     0.399723308     0.024697569               0
  593             0.4               0               0
  594           0.375             0.2               0
  595     0.374963589     0.174663385               0
  596     0.374927179      0.14932677               0
  597      0.37470159     0.124282765               0
  598     0.374476002    0.0992387608               0
  599     0.374433012    0.0744122638               0
  600     0.374390022    0.0495857668               0
  601     0.374695011    0.0247928834               0
  602           0.375               0               0
  603            0.35             0.2               0
  604     0.350099669     0.174780342               0
  605     0.350199338     0.149560685               0
  606     0.349845326     0.124402125               0
  607     0.349491313    0.0992435659               0
  608      0.34941237    0.0745099808               0
  609     0.349333428    0.0497763957               0
  610     0.349666714    0.0248881979               0
  611            0.35               0               0
  612           0.325             0.2               0
  613     0.325037499     0.174761603               0
  614     0.325074998     0.149523206               0
  615     0.324718222     0.124312135               0
  616     0.324361447    0.0991010645               0
  617     0.324389835    0.0743499919               0
  618     0.324418223    0.0495989194               0
  619     0.324709112    0.0247994597               0
  620           0.325               0               0
  621             0.3             0.2               0
  622     0.299975329     0.174742864               0
  623     0.299950658     0.149485728               0
  624     0.299591119     0.124222145               0
  625     0.299231581     0.098958563               0
  626       0.2993673     0.074190003               0
  627     0.299503018    0.0494214431               0
  628     0.299751509    0.0247107215               0
  629             0.3               0               0
  630           0.275             0.2               0
  631     0.274877832      0.17465961               0
  632     0.274755665      0.14931922               0
  633     0.274524012     0.124111069               0
  634     0.274292359    0.0989029173               0
  635       0.2743837    0.0740445228               0
  636     0.274475041    0.0491861284               0
  637     0.274737521    0.0245930642               0
  638           0.275               0               0
  639            0.25             0.2               0
  640     0.249780336     0.174576356               0
  641     0.249560672     0.149152713               0
  642     0.249456904     0.123999992               0
  643     0.249353136    0.0988472716               0
  644       0.2494001    0.0738990426               0
  645     0.249447064    0.0489508137               0
  646     0.249723532    0.0244754068               0
  647            0.25               0               0
  648           0.225             0.2               0
  649     0.224752085     0.174551159               0
  650     0.224504171     0.149102317               0
  651     0.224431272     0.123993741               0
  652     0.224358373    0.0988851647               0
  653     0.224409129     0.073939559               0
  654     0.224459885    0.0489939532               0
  655     0.224729942    0.0244969766               0
  656           0.225               0               0
  657             0.2             0.2               0
  658     0.199723835     0.174525961               0
  659      0.19944767     0.149051922               0
  660      0.19940564      0.12398749               0
  661     0.199363611    0.0989230579               0
  662     0.199418158    0.0739800753               0
  663     0.199472705    0.0490370926               0
  664     0.199736353    0.0245185463               0
  665             0.2               0               0
  666           0.175             0.2               0
  667     0.174743454     0.174578012               0
  668     0.174486909     0.149156023               0
  669      0.17437959     0.123997763               0
  670     0.174272271     0.098839502               0
  671     0.174395226    0.0740122758               0
  672      0.17451818    0.0491850496               0
  673      0.17475909    0.0245925248               0
  674           0.175               0               0
  675            0.15             0.2               0
  676     0.149763074     0.174630062               0
  677     0.149526148     0.149260125               0
  678      0.14935354     0.124008035               0
  679     0.149180932     0.098755946               0
  680     0.149372294    0.0740444763               0
  681     0.149563656    0.0493330067               0
  682     0.149781828    0.0246665033               0
  683            0.15               0               0
  684           0.125             0.2               0
  685     0.124750534     0.174623189               0
  686     0.124501068     0.149246378               0
  687     0.124351565     0.124086738               0
  688     0.124202061    0.0989270982               0
  689      0.12439219    0.0741815478               0
  690      0.12458232    0.0494359974               0
  691      0.12479116    0.0247179987               0
  692           0.125               0               0
  693             0.1             0.2               0
  694    0.0997379946     0.174616316               0
  695    0.0994759893     0.149232632               0
  696    0.0993495894     0.124165441               0
  697    0.0992231896    0.0990982503               0
  698    0.0994120873    0.0743186192               0
  699     0.099600985    0.0495389881               0
  700    0.0998004925     0.024769494               0
  701             0.1               0               0
  702           0.075             0.2               0
  703     0.074804826     0.174765441               0
  704    0.0746096519     0.149530882               0
  705    0.0744849407     0.124560977               0
  706    0.0743602294    0.0995910716               0
  707     0.074557916    0.0747270683               0
  708    0.0747556026    0.0498630651               0
  709    0.0748778013    0.0249315326               0
  710           0.075               0               0
  711            0.05             0.2               0
  712    0.0498716573     0.174914566               0
  713    0.0497433146     0.149829131               0
  714    0.0496202919     0.124956512               0
  715    0.0494972691     0.100083893               0
  716    0.0497037447    0.0751355175               0
  717    0.0499102202    0.0501871422               0
  718    0.0499551101    0.0250935711               0
  719            0.05               0               0
  720           0.025             0.2               0
  721    0.0249358287     0.174957283               0
  722    0.0248716573     0.149914566               0
  723    0.0248101459     0.124978256               0
  724    0.0247486346     0.100041946               0
  725    0.0248518723    0.0750677587               0
  726    0.0249551101    0.0500935711               0
  727     0.024977555    0.0250467855               0
  728           0.025               0               0
  729               0             0.2               0
  730               0           0.175               0
  731               0            0.15               0
  732               0           0.125               0
  733               0             0.1               0
  734               0           0.075               0
  735               0            0.05               0
  736               0           0.025               0
  737               0               0               0