1 63 58 35 38 59 45 36 51 46
2 5 1 6 9 3 2 8 7 4
3 711 729 731 713 720 730 722 712 721
4 735 737 719 717 736 728 718 726 727
5 70 63 38 49 66 51 42 60 53
6 17 5 9 21 11 7 14 18 12
7 35 17 21 38 24 18 29 36 27
8 693 711 713 695 702 712 704 694 703
9 733 735 717 715 734 726 716 724 725
10 731 733 715 713 732 724 714 722 723
11 82 70 49 65 77 60 55 74 68
12 6 16 22 9 10 19 15 8 13
13 675 693 695 677 684 694 686 676 685
14 719 701 699 717 710 700 708 718 709
15 97 82 65 84 89 74 75 90 81
16 16 34 39 22 23 37 30 19 28
17 657 675 677 659 666 676 668 658 667
18 701 683 681 699 692 682 690 700 691
19 111 97 84 100 103 90 92 107 98
20 34 57 64 39 44 61 52 37 47
21 639 657 659 641 648 658 650 640 649
22 683 665 663 681 674 664 672 682 673
23 128 111 100 118 119 107 109 121 114
24 57 83 86 64 72 85 76 61 73
25 621 639 641 623 630 640 632 622 631
26 665 647 645 663 656 646 654 664 655
27 143 128 118 135 136 121 126 139 130
28 83 102 106 86 93 104 95 85 94
29 603 621 623 605 612 622 614 604 613
30 647 629 627 645 638 628 636 646 637
31 159 143 135 153 151 139 145 156 148
32 102 123 125 106 112 124 116 104 115
33 585 603 605 587 594 604 596 586 595
34 629 611 609 627 620 610 618 628 619
35 177 159 153 169 168 156 162 174 165
36 123 141 144 125 132 142 134 124 133
37 567 585 587 569 576 586 578 568 577
38 611 593 591 609 602 592 600 610 601
39 194 177 169 187 185 174 178 191 183
40 141 160 163 144 150 161 154 142 152
41 549 567 569 551 558 568 560 550 559
42 593 575 573 591 584 574 582 592 583
43 212 194 187 205 203 191 196 208 200
44 160 179 181 163 170 180 172 161 171
45 531 549 551 533 540 550 542 532 541
46 575 557 555 573 566 556 564 574 565
47 229 212 205 223 220 208 214 225 217
48 179 197 199 181 188 198 190 180 189
49 515 531 533 514 522 532 524 513 523
50 557 539 537 555 548 538 546 556 547
51 247 229 223 241 238 225 232 242 233
52 197 215 218 199 206 216 209 198 207
53 501 515 514 499 510 513 508 500 507
54 539 521 519 537 530 520 528 538 529
55 264 247 241 259 255 242 250 260 251
56 215 234 236 218 224 235 227 216 226
57 479 501 499 480 491 500 490 478 489
58 521 503 495 519 512 502 504 520 511
59 281 264 259 277 273 260 268 278 269
60 234 252 254 236 243 253 245 235 244
61 452 479 480 454 463 478 466 453 464
62 503 484 482 495 494 483 492 502 493
63 297 281 277 295 290 278 286 296 287
64 252 270 272 254 261 271 263 253 262
65 433 452 454 435 442 453 444 434 443
66 484 460 462 482 471 461 473 483 472
67 315 297 295 313 306 296 304 314 305
68 270 288 291 272 279 289 282 271 280
69 415 433 435 417 424 434 426 416 425
70 460 438 441 462 449 440 451 461 450
71 333 315 313 331 324 314 322 332 323
72 288 307 309 291 298 308 300 289 299
73 397 415 417 399 406 416 408 398 407
74 438 423 421 441 430 422 432 440 431
75 351 333 331 349 342 332 340 350 341
76 307 325 327 309 316 326 318 308 317
77 379 397 399 381 388 398 390 380 389
78 423 405 403 421 414 404 412 422 413
79 369 351 349 367 360 350 358 368 359
80 325 343 345 327 334 344 336 326 335
81 361 379 381 363 370 380 372 362 371
82 361 363 345 343 362 354 344 352 353
83 405 387 385 403 396 386 394 404 395
84 387 369 367 385 378 368 376 386 377
85 713 715 697 695 714 706 696 704 705
86 715 717 699 697 716 708 698 706 707
87 49 38 21 31 42 29 25 40 32
88 21 9 22 31 14 15 26 25 20
89 65 49 31 50 55 40 41 56 48
90 31 22 39 50 26 30 43 41 33
91 84 65 50 71 75 56 62 78 69
92 50 39 64 71 43 52 67 62 54
93 100 84 71 91 92 78 80 96 87
94 71 64 86 91 67 76 88 80 79
95 118 100 91 110 109 96 101 113 105
96 91 86 106 110 88 95 108 101 99
97 135 118 110 129 126 113 120 131 122
98 110 106 125 129 108 116 127 120 117
99 153 135 129 147 145 131 138 149 140
100 129 125 144 147 127 134 146 138 137
101 169 153 147 166 162 149 157 167 158
102 147 144 163 166 146 154 164 157 155
103 187 169 166 184 178 167 175 186 176
104 166 163 181 184 164 172 182 175 173
105 181 199 202 184 190 201 193 182 192
106 187 184 202 205 186 193 204 196 195
107 223 205 202 221 214 204 211 222 213
108 202 199 218 221 201 209 219 211 210
109 241 223 221 239 232 222 230 240 231
110 221 218 236 239 219 227 237 230 228
111 259 241 239 257 250 240 248 258 249
112 239 236 254 257 237 245 256 248 246
113 277 259 257 275 268 258 266 276 267
114 257 254 272 275 256 263 274 266 265
115 295 277 275 293 286 276 284 294 285
116 275 272 291 293 274 282 292 284 283
117 313 295 293 311 304 294 302 312 303
118 293 291 309 311 292 300 310 302 301
119 331 313 311 329 322 312 320 330 321
120 311 309 327 329 310 318 328 320 319
121 349 331 329 347 340 330 338 348 339
122 329 327 345 347 328 336 346 338 337
123 367 349 347 365 358 348 356 366 357
124 347 345 363 365 346 354 364 356 355
125 385 367 365 383 376 366 374 384 375
126 365 363 381 383 364 372 382 374 373
127 677 695 697 679 686 696 688 678 687
128 697 699 681 679 698 690 680 688 689
129 681 663 661 679 672 662 670 680 671
130 677 679 661 659 678 670 660 668 669
131 641 659 661 643 650 660 652 642 651
132 661 663 645 643 662 654 644 652 653
133 645 627 625 643 636 626 634 644 635
134 641 643 625 623 642 634 624 632 633
135 627 609 607 625 618 608 616 626 617
136 623 625 607 605 624 616 606 614 615
137 609 591 589 607 600 590 598 608 599
138 605 607 589 587 606 598 588 596 597
139 569 587 589 571 578 588 580 570 579
140 589 591 573 571 590 582 572 580 581
141 573 555 553 571 564 554 562 572 563
142 569 571 553 551 570 562 552 560 561
143 555 537 535 553 546 536 544 554 545
144 551 553 535 533 552 544 534 542 543
145 537 519 517 535 528 518 526 536 527
146 533 535 517 514 534 526 516 524 525
147 519 495 497 517 504 496 509 518 505
148 514 517 497 499 516 509 498 508 506
149 480 499 497 476 490 498 487 477 488
150 495 482 462 474 492 473 470 485 481
151 497 495 474 476 496 485 475 487 486
152 454 480 476 456 466 477 469 455 468
153 462 441 458 474 451 448 465 470 459
154 458 456 476 474 457 469 475 465 467
155 435 454 456 437 444 455 446 436 445
156 417 435 437 419 426 436 428 418 427
157 399 417 419 401 408 418 410 400 409
158 381 399 401 383 390 400 392 382 391
159 385 383 401 403 384 392 402 394 393
160 403 401 419 421 402 410 420 412 411
161 421 419 437 441 420 428 439 432 429
162 437 456 458 441 446 457 448 439 447