    1               0               0               0
    2               0      2.44444444               0
    3      1.84615385      1.69230769               0
    4      1.84615385      4.12150313               0
    5               0      4.88888889               0
    6      3.69230769      3.38461538               0
    7      1.84615385      6.53496444               0
    8      3.69230769      5.78786261               0
    9               0      7.33333333               0
   10      5.53846154      5.07692308               0
   11      3.69230769      8.16341775               0
   12      1.84615385      8.93465837               0
   13      5.53846154      7.44441447               0
   14               0      9.77777778               0
   15      7.38461538      6.76923077               0
   16      3.69230769      10.5147423               0
   17      5.53846154      9.77571735               0
   18      1.84615385      11.3225517               0
   19      7.38461538      9.09205033               0
   20               0      12.2222222               0
   21      9.23076923      8.46153846               0
   22      5.53846154      12.0753553               0
   23      3.69230769      12.8452978               0
   24      7.38461538      11.3733318               0
   25      1.84615385      13.7006112               0
   26      9.23076923      10.7316618               0
   27               0      14.6666667               0
   28      11.0769231      10.1538462               0
   29      5.53846154      14.3478518               0
   30      7.38461538      13.6182673               0
   31      3.69230769      15.1585458               0
   32      9.23076923      12.9577295               0
   33      1.84615385      16.0708036               0
   34      11.0769231      12.3641404               0
   35               0      17.1111111               0
   36      7.38461538      15.8320493               0
   37      5.53846154      16.5977305               0
   38      12.9230769      11.8461538               0
   39      9.23076923      15.1452486               0
   40      3.69230769      17.4579477               0
   41      11.0769231      14.5303791               0
   42      1.84615385      18.4350957               0
   43      12.9230769      13.9903778               0
   44      7.38461538        18.01987               0
   45               0      19.5555556               0
   46      9.23076923       17.299726               0
   47      5.53846154       18.829515               0
   48      11.0769231      16.6580691               0
   49      14.7692308      13.5384615               0
   50      3.69230769      19.7469651               0
   51      12.9230769       16.092749               0
   52      1.84615385      20.7954543               0
   53      14.7692308      15.6112656               0
   54      7.38461538      20.1869216               0
   55      9.23076923      19.4266686               0
   56      5.53846154      21.0477288               0
   57      11.0769231      18.7527174               0
   58               0              22               0
   59      12.9230769       18.158499               0
   60      3.69230769      22.0290595               0
   61      16.6153846      15.2307692               0
   62      14.7692308      17.6463078               0
   63      1.84615385      23.1538462               0
   64      9.23076923      21.5315835               0
   65      7.38461538      22.3383964               0
   66      11.0769231       20.819831               0
   67      5.53846154      23.2568954               0
   68      16.6153846      17.2276955               0
   69      12.9230769      20.1928593               0
   70               0      24.4444444               0
   71      14.7692308      19.6483083               0
   72      3.69230769      24.3076923               0
   73      18.4615385      16.9230769               0
   74      9.23076923      23.6199775               0
   75      16.6153846       19.192524               0
   76      11.0769231      22.8649168               0
   77      7.38461538      24.4794866               0
   78      1.84615385       25.512238               0
   79      12.9230769      22.2010617               0
   80      5.53846154      25.4615385               0
   81      14.7692308      21.6219873               0
   82      18.4615385      18.8405589               0
   83      3.69230769      26.5863252               0
   84      16.6153846      21.1292672               0
   85               0      26.8888889               0
   86      11.0769231      24.8934818               0
   87      9.23076923      25.6973576               0
   88      12.9230769      24.1883376               0
   89      20.3076923      18.6153846               0
   90      7.38461538      26.6153846               0
   91      18.4615385      20.7328662               0
   92      14.7692308      23.5720652               0
   93      1.84615385      27.8725966               0
   94      5.53846154      27.6661815               0
   95      16.6153846      23.0419371               0
   96      20.3076923      20.4507475               0
   97      11.0769231      26.9110328               0
   98      3.69230769      28.8684195               0
   99      12.9230769      26.1599188               0
  100      18.4615385      22.6031457               0
  101      9.23076923      27.7692308               0
  102               0      29.3333333               0
  103      14.7692308       25.503262               0
  104      7.38461538      28.7512826               0
  105      16.6153846       24.934546               0
  106      22.1538462      20.3076923               0
  107      20.3076923      22.2688028               0
  108      1.84615385      30.2368887               0
  109      5.53846154      29.8753482               0
  110      18.4615385      24.4545443               0
  111      12.9230769      28.1210367               0
  112      11.0769231      28.9230769               0
  113      14.7692308      27.4202982               0
  114      9.23076923      29.8411039               0
  115      22.1538462      22.0591529               0
  116      3.69230769      31.1574369               0
  117      20.3076923       24.071714               0
  118      16.6153846      26.8111061               0
  119      7.38461538      30.8923729               0
  120               0      31.7777778               0
  121      18.4615385      26.2902087               0
  122      22.1538462      23.8018023               0
  123              24              22               0
  124      5.53846154      32.0935619               0
  125      1.84615385      32.6070811               0
  126      12.9230769      30.0769231               0
  127      14.7692308      29.3278938               0
  128      11.0769231       30.935121               0
  129      20.3076923      25.8616445               0
  130      16.6153846      28.6756295               0
  131      9.23076923      31.9184841               0
  132      18.4615385      28.1132858               0
  133      3.69230769      33.4568388               0
  134              24      23.6666667               0
  135      22.1538462       25.536742               0
  136      7.38461538      33.0438477               0
  137               0      34.2222222               0
  138      20.3076923      27.6407578               0
  139      12.9230769      32.0328094               0
  140      14.7692308      31.2307692               0
  141      16.6153846      30.5321285               0
  142      11.0769231      32.9526721               0
  143      5.53846154      34.3253464               0
  144              24      25.3333333               0
  145      1.84615385      34.9851406               0
  146      25.8461538      23.6923077               0
  147      22.1538462      27.2650734               0
  148      18.4615385      29.9269224               0
  149      9.23076923      34.0068781               0
  150      20.3076923      29.4112173               0
  151      3.69230769      35.7700868               0
  152      7.38461538      35.2108993               0
  153              24              27               0
  154      25.8461538      25.2741805               0
  155      14.7692308      33.1336446               0
  156      12.9230769      33.9939274               0
  157      16.6153846      32.3846154               0
  158      22.1538462      28.9878978               0
  159               0      36.6666667               0
  160      11.0769231       34.981237               0
  161      18.4615385      31.7342654               0
  162      5.53846154      36.5752251               0
  163      20.3076923      31.1751865               0
  164      9.23076923      36.1117929               0
  165      25.8461538      26.8648644               0
  166              24      28.6666667               0
  167      1.84615385      37.3730339               0
  168      27.6923077      25.3846154               0
  169      22.1538462      30.7063167               0
  170      14.7692308      35.0412403               0
  171      16.6153846      34.2371022               0
  172      7.38461538      37.3987199               0
  173      12.9230769      35.9655085               0
  174      3.69230769      38.1006423               0
  175      18.4615385      33.5384615               0
  176      25.8461538       28.463258               0
  177      27.6923077      26.8825859               0
  178      11.0769231      37.0263228               0
  179              24      30.3333333               0
  180      20.3076923      32.9348288               0
  181               0      39.1111111               0
  182      5.53846154      38.8477216               0
  183      22.1538462      32.4214314               0
  184      9.23076923      38.2387356               0
  185      25.8461538      30.0682599               0
  186      27.6923077      28.3978639               0
  187      16.6153846      36.0936013               0
  188      14.7692308      36.9582764               0
  189      1.84615385      39.7727279               0
  190      18.4615385      35.3426577               0
  191              24              32               0
  192      29.5384615      27.0769231               0
  193      12.9230769      37.9527845               0
  194      20.3076923      34.6923077               0
  195      7.38461538      39.6125019               0
  196      3.69230769      40.4519669               0
  197      11.0769231      39.0934364               0
  198      22.1538462      34.1343433               0
  199      27.6923077       29.928286               0
  200      25.8461538      31.6787688               0
  201      29.5384615      28.4927745               0
  202              24      33.6666667               0
  203      9.23076923       40.393213               0
  204      16.6153846      37.9581247               0
  205      18.4615385      37.1500007               0
  206      5.53846154      41.1473596               0
  207               0      41.5555556               0
  208      14.7692308      38.8894733               0
  209      20.3076923      36.4497866               0
  210      27.6923077      31.4716889               0
  211      12.9230769      39.9609868               0
  212      29.5384615      29.9338005               0
  213      22.1538462      35.8461538               0
  214      25.8461538      33.2936833               0
  215      1.84615385      42.1861892               0
  216      7.38461538      41.8574375               0
  217      31.3846154      28.7692308               0
  218      11.0769231      41.1880848               0
  219              24      35.3333333               0
  220      3.69230769       42.827522               0
  221      27.6923077      33.0259089               0
  222      29.5384615      31.3968543               0
  223      18.4615385      38.9636373               0
  224      16.6153846      39.8346848               0
  225      20.3076923      38.2094289               0
  226      14.7692308      40.8395511               0
  227      25.8461538      34.9119019               0
  228      31.3846154      30.1056379               0
  229      9.23076923       42.580732               0
  230      22.1538462      37.5579644               0
  231      5.53846154      43.4786624               0
  232      12.9230769      41.9953472               0
  233               0              44               0
  234              24              37               0
  235      29.5384615      32.8787891               0
  236      27.6923077      34.5887827               0
  237      31.3846154      31.4741426               0
  238      1.84615385      44.6153846               0
  239      11.0769231      43.3157748               0
  240      25.8461538      36.5323234               0
  241      7.38461538      44.1387189               0
  242      18.4615385      40.7867144               0
  243      20.3076923      39.9733981               0
  244      16.6153846      41.7272937               0
  245      33.2307692      30.4615385               0
  246      22.1538462      39.2708763               0
  247      14.7692308      42.8132302               0
  248      29.5384615       34.376458               0
  249      3.69230769      45.2307692               0
  250      31.3846154      32.8707328               0
  251              24      38.6666667               0
  252      27.6923077      36.1581468               0
  253      9.23076923      44.8067998               0
  254      12.9230769      44.0610972               0
  255      33.2307692      31.7220677               0
  256      25.8461538      38.1538462               0
  257      5.53846154      45.8461538               0
  258      20.3076923      41.7438576               0
  259      18.4615385      42.6223788               0
  260      29.5384615      35.8867142               0
  261      31.3846154      34.2913962               0
  262      22.1538462       40.985991               0
  263      16.6153846      43.6399636               0
  264      27.6923077      37.7318378               0
  265      11.0769231      45.4820134               0
  266      33.2307692      33.0203589               0
  267              24      40.3333333               0
  268      7.38461538      46.4615385               0
  269      14.7692308      44.8152306               0
  270      25.8461538       39.775369               0
  271      31.3846154      35.7321207               0
  272      35.0769231      32.1538462               0
  273      29.5384615      37.4064109               0
  274      33.2307692      34.3516917               0
  275      12.9230769      46.1634683               0
  276      9.23076923      47.0769231               0
  277      20.3076923      43.5229709               0
  278      27.6923077      39.3076923               0
  279      22.1538462      42.7044099               0
  280      18.4615385      44.4737774               0
  281              24              42               0
  282      35.0769231      33.3429555               0
  283      16.6153846      45.5767067               0
  284      31.3846154      37.1888939               0
  285      33.2307692       35.711346               0
  286      25.8461538      41.3957904               0
  287      29.5384615      38.9324013               0
  288      11.0769231      47.6923077               0
  289      14.7692308      46.8502728               0
  290      35.0769231      34.5739177               0
  291      27.6923077      40.8835468               0
  292      22.1538462      44.4272343               0
  293      20.3076923      45.3129014               0
  294      31.3846154      38.6577038               0
  295      33.2307692      37.0946015               0
  296              24      43.6666667               0
  297      18.4615385      46.3440569               0
  298      12.9230769      48.3076923               0
  299      36.9230769      33.8461538               0
  300      29.5384615      40.4615385               0
  301      35.0769231       35.841501               0
  302      25.8461538       43.014009               0
  303      16.6153846      47.5415353               0
  304      27.6923077      42.4572378               0
  305      36.9230769      34.9691929               0
  306      33.2307692       38.496738               0
  307      31.3846154      40.1345381               0
  308      35.0769231       37.140474               0
  309      14.7692308      48.9230769               0
  310      22.1538462      46.1555657               0
  311              24      45.3333333               0
  312      20.3076923      47.1158126               0
  313      29.5384615      41.9906757               0
  314      25.8461538      44.6289235               0
  315      18.4615385      48.2363642               0
  316      36.9230769      36.1362876               0
  317      33.2307692      39.9130352               0
  318      27.6923077      44.0266019               0
  319      35.0769231       38.465605               0
  320      31.3846154      41.6153846               0
  321      16.6153846      49.5384615               0
  322      36.9230769      37.3419309               0
  323      38.7692308      35.5384615               0
  324      29.5384615       43.516666               0
  325      22.1538462      47.8905054               0
  326              24              47               0
  327      25.8461538      46.2394324               0
  328      20.3076923      48.9338679               0
  329      33.2307692      41.3387728               0
  330      35.0769231      39.8116624               0
  331      31.3846154      43.0962311               0
  332      38.7692308      36.6016716               0
  333      27.6923077      45.5894757               0
  334      36.9230769      38.5806159               0
  335      18.4615385      50.1538462               0
  336      29.5384615      45.0363627               0
  337      38.7692308      37.7089372               0
  338      35.0769231      41.1734146               0
  339      33.2307692      42.7692308               0
  340              24      48.6666667               0
  341      36.9230769      39.8468357               0
  342      22.1538462      49.6331548               0
  343      25.8461538      47.8444343               0
  344      31.3846154      44.5730654               0
  345      27.6923077      47.1436958               0
  346      20.3076923      50.7692308               0
  347      38.7692308      38.8547514               0
  348      40.6153846      37.2307692               0
  349      29.5384615      46.5466189               0
  350      35.0769231      42.5456299               0
  351      36.9230769      41.1350832               0
  352      33.2307692      44.1996887               0
  353      31.3846154      46.0418753               0
  354      38.7692308      40.0336074               0
  355              24      50.3333333               0
  356      40.6153846       38.241283               0
  357      25.8461538      49.4428279               0
  358      22.1538462      51.3846154               0
  359      27.6923077      48.6870986               0
  360      35.0769231      43.9230769               0
  361      36.9230769      42.4398516               0
  362      29.5384615      48.0442879               0
  363      33.2307692      45.6254264               0
  364      40.6153846      39.2933349               0
  365      38.7692308      41.2399981               0
  366      31.3846154      47.4986485               0
  367      25.8461538      51.0335118               0
  368      36.9230769      43.7556339               0
  369              24              52               0
  370      40.6153846      40.3817327               0
  371      35.0769231      45.3005239               0
  372      27.6923077      50.2175207               0
  373      38.7692308      42.4684165               0
  374      33.2307692      47.0417236               0
  375      42.4615385      38.9230769               0
  376      29.5384615      49.5262226               0
  377      40.6153846       41.501284               0
  378      31.3846154       48.939373               0
  379      42.4615385      39.8889189               0
  380      36.9230769      45.0769231               0
  381      35.0769231      46.6727393               0
  382      38.7692308      43.7133558               0
  383      25.8461538      52.6153846               0
  384      27.6923077      51.7327987               0
  385      33.2307692        48.44386               0
  386      40.6153846      42.6467967               0
  387      29.5384615      50.9892764               0
  388      42.4615385      40.8909493               0
  389      36.9230769      46.3982123               0
  390      31.3846154      50.3600364               0
  391      38.7692308      44.9693091               0
  392      35.0769231      48.0344915               0
  393      42.4615385      41.9246447               0
  394      40.6153846      43.8130784               0
  395      33.2307692      49.8271155               0
  396      27.6923077      53.2307692               0
  397      44.3076923      40.6153846               0
  398      29.5384615      52.4303025               0
  399      36.9230769      47.7139946               0
  400      38.7692308      46.2307692               0
  401      42.4615385      42.9854815               0
  402      31.3846154      51.7566266               0
  403      35.0769231      49.3805489               0
  404      40.6153846       44.994937               0
  405      44.3076923      41.5454707               0
  406      33.2307692      51.1867698               0
  407      42.4615385      44.0689361               0
  408      38.7692308      47.4922294               0
  409      36.9230769       49.018763               0
  410      44.3076923      42.5032489               0
  411      29.5384615      53.8461538               0
  412      40.6153846        46.18718               0
  413      35.0769231      50.7056798               0
  414      31.3846154      53.1251314               0
  415      42.4615385       45.170485               0
  416      44.3076923      43.4852577               0
  417      33.2307692      52.5181027               0
  418      38.7692308      48.7481826               0
  419      36.9230769      50.3070105               0
  420      40.6153846      47.3846154               0
  421      46.1538462      42.3076923               0
  422      35.0769231      52.0046528               0
  423      44.3076923      44.4880355               0
  424      42.4615385      46.2856046               0
  425      31.3846154      54.4615385               0
  426      46.1538462      43.2118302               0
  427      33.2307692      53.8163938               0
  428      38.7692308      49.9931219               0
  429      40.6153846      48.5820507               0
  430      36.9230769      51.5732302               0
  431      44.3076923      45.5081209               0
  432      42.4615385      47.4097713               0
  433      35.0769231      53.2722362               0
  434      46.1538462      44.1317022               0
  435      38.7692308      51.2215404               0
  436      40.6153846      49.7742938               0
  437      44.3076923      46.5420523               0
  438      33.2307692      55.0769231               0
  439      36.9230769      52.8119152               0
  440      42.4615385      48.5384615               0
  441      46.1538462      45.0653416               0
  442      35.0769231      54.5031983               0
  443      44.3076923      47.5863682               0
  444              48              44               0
  445      40.6153846      50.9561523               0
  446      46.1538462      46.0107816               0
  447      38.7692308      52.4279311               0
  448      42.4615385      49.6671518               0
  449      36.9230769      54.0175585               0
  450              48      44.8888889               0
  451      44.3076923      48.6376072               0
  452      35.0769231      55.6923077               0
  453      46.1538462      46.9660555               0
  454      40.6153846      52.1224341               0
  455      38.7692308       53.606787               0
  456      42.4615385      50.7913185               0
  457              48      45.7777778               0
  458      36.9230769      55.1846532               0
  459      46.1538462      47.9291964               0
  460      44.3076923      49.6923077               0
  461              48      46.6666667               0
  462      40.6153846      53.2679468               0
  463      42.4615385      51.9064381               0
  464      38.7692308      54.7526013               0
  465      46.1538462      48.8982376               0
  466      36.9230769      56.3076923               0
  467      44.3076923      50.7470082               0
  468              48      47.5555556               0
  469      40.6153846      54.3874981               0
  470      42.4615385      53.0079869               0
  471      46.1538462      49.8712123               0
  472      38.7692308      55.8598669               0
  473      44.3076923      51.7982471               0
  474              48      48.4444444               0
  475      46.1538462      50.8461538               0
  476      40.6153846      55.4758959               0
  477      42.4615385      54.0914416               0
  478              48      49.3333333               0
  479      38.7692308      56.9230769               0
  480      44.3076923      52.8425631               0
  481      46.1538462      51.8210954               0
  482              48      50.2222222               0
  483      42.4615385      55.1522784               0
  484      40.6153846      56.5279478               0
  485      44.3076923      53.8764945               0
  486              48      51.1111111               0
  487      46.1538462      52.7940701               0
  488      42.4615385      56.1859738               0
  489      40.6153846      57.5384615               0
  490      44.3076923      54.8965799               0
  491              48              52               0
  492      46.1538462      53.7631113               0
  493      42.4615385      57.1880042               0
  494      44.3076923      55.8993577               0
  495              48      52.8888889               0
  496      46.1538462      54.7262522               0
  497      42.4615385      58.1538462               0
  498              48      53.7777778               0
  499      44.3076923      56.8813665               0
  500      46.1538462      55.6815261               0
  501              48      54.6666667               0
  502      44.3076923      57.8391447               0
  503      46.1538462      56.6269661               0
  504              48      55.5555556               0
  505      44.3076923      58.7692308               0
  506      46.1538462      57.5606055               0
  507              48      56.4444444               0
  508      46.1538462      58.4804775               0
  509              48      57.3333333               0
  510      46.1538462      59.3846154               0
  511              48      58.2222222               0
  512              48      59.1111111               0
  513              48              60               0