46 6 11 5 1 8 7 2 3 4
47 15 24 11 6 19 17 8 10 13
48 28 41 24 15 34 32 19 21 26
49 49 62 41 28 53 51 34 38 43
50 73 91 62 49 82 75 53 61 68
51 106 122 91 73 115 107 82 89 96
52 146 165 122 106 154 144 115 123 134
53 192 212 165 146 201 186 154 168 177
54 245 266 212 192 255 237 201 217 228
55 299 316 266 245 305 290 255 272 282
56 348 364 316 299 356 337 305 323 332
57 397 410 364 348 405 388 356 375 379
58 444 457 410 397 450 434 405 421 426
59 11 23 14 5 16 18 9 7 12
60 24 36 23 11 30 29 16 17 22
61 41 57 36 24 48 46 30 32 39
62 62 81 57 41 71 69 48 51 59
63 91 110 81 62 100 95 71 75 84
64 122 147 110 91 135 129 100 107 117
65 165 185 147 122 176 166 135 144 153
66 212 235 185 165 222 210 176 186 199
67 266 285 235 212 274 261 222 237 250
68 316 334 285 266 322 308 274 290 301
69 364 377 334 316 370 354 322 337 347
70 410 423 377 364 416 401 370 388 393
71 457 468 423 410 461 446 416 434 441
72 23 40 27 14 31 33 20 18 25
73 36 54 40 23 44 47 31 29 37
74 57 76 54 36 66 64 44 46 55
75 81 103 76 57 92 88 66 69 79
76 110 132 103 81 121 118 92 95 105
77 147 169 132 110 158 150 121 129 138
78 185 214 169 147 200 191 158 166 179
79 235 260 214 185 248 236 200 210 221
80 285 306 260 235 295 284 248 261 271
81 334 351 306 285 341 330 295 308 319
82 377 394 351 334 386 373 341 354 365
83 423 437 394 377 431 415 386 401 407
84 468 478 437 423 474 459 431 446 453
85 40 60 45 27 50 52 35 33 42
86 54 77 60 40 65 67 50 47 56
87 76 97 77 54 86 87 65 64 74
88 103 127 97 76 113 111 86 88 99
89 132 161 127 103 148 141 113 118 130
90 169 198 161 132 183 180 148 150 163
91 214 240 198 169 227 219 183 191 202
92 260 287 240 214 273 264 227 236 252
93 306 329 287 260 317 307 273 284 294
94 351 368 329 306 361 350 317 330 338
95 394 412 368 351 404 391 361 373 382
96 437 451 412 394 443 432 404 415 424
97 478 486 451 437 482 471 443 459 465
98 60 83 70 45 72 78 58 52 63
99 77 104 83 60 90 94 72 67 80
100 97 128 104 77 112 114 90 87 101
101 127 155 128 97 140 139 112 111 126
102 161 190 155 127 175 171 140 141 157
103 198 230 190 161 213 209 175 180 194
104 240 270 230 198 256 251 213 219 234
105 287 313 270 240 300 291 256 264 278
106 329 352 313 287 339 331 300 307 320
107 368 389 352 329 380 371 339 350 360
108 412 429 389 368 420 408 380 391 400
109 451 467 429 412 460 448 420 432 440
110 486 495 467 451 491 481 460 471 475
111 83 116 102 70 98 108 85 78 93
112 104 136 116 83 119 124 98 94 109
113 128 160 136 104 142 149 119 114 131
114 155 188 160 128 170 173 142 139 156
115 190 223 188 155 205 204 170 171 187
116 230 262 223 190 246 243 205 209 225
117 270 302 262 230 286 281 246 251 267
118 313 336 302 270 324 318 286 291 304
119 352 374 336 313 363 353 324 331 344
120 389 409 374 352 399 392 363 371 381
121 429 445 409 389 436 428 399 408 418
122 467 480 445 429 473 463 436 448 456
123 495 501 480 467 498 492 473 481 487
124 116 151 137 102 133 145 120 108 125
125 136 172 151 116 152 162 133 124 143
126 160 197 172 136 178 184 152 149 164
127 188 226 197 160 208 211 178 173 193
128 223 259 226 188 242 244 208 204 224
129 262 292 259 223 279 277 242 243 258
130 302 327 292 262 314 311 279 281 296
131 336 362 327 302 349 345 314 318 333
132 374 395 362 336 385 378 349 353 366
133 409 430 395 374 419 413 385 392 403
134 445 462 430 409 454 447 419 428 435
135 480 490 462 445 485 477 454 463 470
136 501 507 490 480 504 500 485 492 496
137 151 196 181 137 174 189 159 145 167
138 172 216 196 151 195 206 174 162 182
139 197 239 216 172 218 229 195 184 203
140 226 269 239 197 247 254 218 211 232
141 259 297 269 226 280 283 247 244 263
142 292 325 297 259 310 312 280 277 293
143 327 357 325 292 343 340 310 311 326
144 362 387 357 327 376 372 343 345 359
145 395 417 387 362 406 402 376 378 390
146 430 449 417 395 439 433 406 413 422
147 462 476 449 430 469 464 439 447 455
148 490 499 476 462 494 488 469 477 483
149 507 511 499 490 509 506 494 500 503
150 196 249 233 181 220 238 207 189 215
151 216 268 249 196 241 257 220 206 231
152 239 288 268 216 265 276 241 229 253
153 269 309 288 239 289 298 265 254 275
154 297 335 309 269 315 321 289 283 303
155 325 358 335 297 342 346 315 312 328
156 357 383 358 325 367 369 342 340 355
157 387 411 383 357 398 396 367 372 384
158 417 438 411 387 427 425 398 402 414
159 449 466 438 417 458 452 427 433 442
160 476 489 466 449 484 479 458 464 472
161 499 505 489 476 502 497 484 488 493
162 511 513 505 499 512 510 502 506 508