    1               0               0               0
    2               0      7.33333333               0
    3               6             5.5               0
    4               6      12.4626736               0
    5               0      14.6666667               0
    6              12              11               0
    7               6      19.1701389               0
    8              12      17.4097222               0
    9               0              22               0
   10              18            16.5               0
   11              12      23.5277778               0
   12               6           25.75               0
   13              18      22.2352431               0
   14               0      29.3333333               0
   15              12            29.5               0
   16              24              22               0
   17               6      32.3298611               0
   18              18      27.7881944               0
   19              24              27               0
   20               0      36.6666667               0
   21              12      35.4722222               0
   22              18           33.25               0
   23               6      39.0373264               0
   24              24              32               0
   25              30            27.5               0
   26              18      38.7118056               0
   27              12      41.5902778               0
   28              30      31.7647569               0
   29               0              44               0
   30              24              37               0
   31               6              46               0
   32              30      36.2118056               0
   33              18      44.2647569               0
   34              24              42               0
   35              36              33               0
   36              12              48               0
   37              30           40.75               0
   38              36      36.5902778               0
   39              24              47               0
   40              18              50               0
   41              36      40.4722222               0
   42              30      45.2881944               0
   43              42            38.5               0
   44              36            44.5               0
   45              24              52               0
   46              30      49.7352431               0
   47              42      41.5373264               0
   48              36      48.5277778               0
   49              42      44.8298611               0
   50              30              54               0
   51              36      52.4097222               0
   52              42           48.25               0
   53              48              44               0
   54              36              56               0
   55              42      51.6701389               0
   56              48      46.6666667               0
   57              48      49.3333333               0
   58              42      54.9626736               0
   59              48              52               0
   60              42              58               0
   61              48      54.6666667               0
   62              48      57.3333333               0
   63              48              60               0