1 4054 3965 4081 4005 4021 4065
2 3290 3199 3226 3240 3209 3261
3 2597 2524 2470 2559 2496 2532
4 2136 2098 2033 2115 2063 2086
5 3685 3589 3651 3634 3619 3669
6 2917 2834 2836 2882 2835 2885
7 2328 2274 2233 2299 2252 2282
8 2023 2006 1884 2013 1943 1950
9 3877 3783 3865 3838 3832 3869
10 3106 3012 3028 3056 3020 3066
11 2451 2389 2377 2425 2381 2416
12 2065 2044 1960 2053 1996 2011
13 3487 3381 3435 3436 3412 3458
14 2749 2676 2664 2715 2670 2710
15 2223 2178 2119 2197 2144 2172
16 3965 3877 3989 3922 3934 3978
17 3199 3106 3130 3144 3117 3161
18 2524 2451 2432 2490 2442 2475
19 2098 2065 1979 2079 2026 2046
20 3589 3487 3538 3535 3515 3556
21 2834 2749 2752 2798 2751 2802
22 2274 2223 2179 2247 2198 2225
23 2006 2000 1905 2004 1953 1955
24 3783 3685 3752 3739 3715 3768
25 3012 2917 2938 2970 2927 2976
26 2389 2328 2296 2358 2309 2343
27 2044 2023 1927 2032 1975 1981
28 3381 3290 3328 3340 3304 3354
29 2676 2597 2587 2636 2594 2631
30 2178 2136 2071 2153 2102 2126
31 1905 1806 1884 1858 1845 1894
32 4111 4081 3989 4092 4025 4050
33 1806 1709 1757 1755 1735 1781
34 4146 4111 4008 4127 4062 4077
35 3226 3199 3130 3209 3161 3181
36 3226 3130 3156 3181 3142 3197
37 3028 3012 2938 3020 2976 2982
38 3028 2938 2960 2982 2948 2989
39 2432 2451 2377 2442 2416 2400
40 2432 2377 2311 2400 2348 2371
41 1927 2023 1884 1975 1950 1906
42 1927 1884 1824 1906 1855 1874
43 2836 2834 2752 2835 2802 2804
44 2836 2752 2765 2804 2759 2809
45 2664 2676 2587 2670 2631 2623
46 2664 2587 2571 2623 2578 2613
47 2179 2223 2119 2198 2172 2145
48 2179 2119 2047 2145 2081 2112
49 2033 2098 1979 2063 2046 2001
50 2033 1979 1876 2001 1926 1949
51 1960 2044 1927 1996 1981 1942
52 1960 1927 1824 1942 1874 1887
53 3538 3487 3435 3515 3458 3485
54 3538 3435 3490 3485 3462 3516
55 2587 2597 2470 2594 2532 2529
56 2587 2470 2571 2529 2523 2578
57 1884 2006 1905 1943 1955 1894
58 3989 3877 3865 3934 3869 3924
59 3989 3865 4008 3924 3940 3999
60 2938 2917 2836 2927 2885 2894
61 2938 2836 2765 2894 2809 2849
62 2470 2524 2432 2496 2475 2447
63 2470 2432 2311 2447 2371 2391
64 2377 2389 2296 2381 2343 2333
65 2377 2296 2311 2333 2300 2348
66 1979 2065 1960 2026 2011 1972
67 1979 1960 1824 1972 1887 1901
68 3328 3290 3226 3304 3261 3281
69 3328 3226 3156 3281 3197 3238
70 2233 2274 2179 2252 2225 2204
71 2233 2179 2047 2204 2112 2140
72 2119 2178 2071 2144 2126 2096
73 2119 1922 2047 2025 1978 2081
74 3752 3685 3651 3715 3669 3700
75 3752 3651 3692 3700 3672 3718
76 3651 3589 3538 3619 3556 3598
77 3651 3538 3692 3598 3617 3672
78 3435 3381 3328 3412 3354 3376
79 3435 3328 3490 3376 3405 3462
80 2752 2749 2664 2751 2710 2713
81 2752 2664 2571 2713 2613 2660
82 2071 2136 2033 2102 2086 2052
83 2071 2033 1876 2052 1949 1969
84 3865 3783 3752 3832 3768 3809
85 3865 3752 3692 3809 3718 3780
86 3130 3106 3028 3117 3066 3077
87 3130 3028 2960 3077 2989 3044
88 2296 2328 2233 2309 2282 2264
89 2296 2233 2164 2264 2195 2231
90 3965 3989 4081 3978 4025 4021
91 1709 1605 1649 1659 1626 1674
92 4170 4146 4066 4157 4101 4123
93 1605 1506 1559 1550 1533 1585
94 4212 4170 4089 4198 4137 4151
95 1506 1403 1457 1454 1426 1476
96 4245 4212 4143 4229 4171 4199
97 1757 1709 1649 1735 1674 1703
98 1757 1619 1824 1685 1721 1793
99 1806 1757 1884 1781 1820 1845
100 4008 4111 3989 4062 4050 3999
101 4146 4008 4066 4077 4038 4101
102 4066 4008 3905 4038 3953 3984
103 1403 1298 1353 1351 1328 1379
104 4283 4245 4162 4266 4211 4228
105 1649 1605 1559 1626 1585 1603
106 1649 1559 1619 1603 1590 1630
107 4170 4066 4089 4123 4079 4137
108 4089 4066 3905 4079 3984 3996
109 1298 1201 1253 1248 1223 1275
110 4324 4283 4207 4301 4244 4268
111 1559 1506 1457 1533 1476 1510
112 1559 1457 1619 1510 1537 1590
113 4212 4089 4143 4151 4119 4171
114 4143 4089 3970 4119 4023 4057
115 1201 1095 1153 1148 1118 1171
116 4364 4324 4247 4342 4286 4308
117 1457 1403 1353 1426 1379 1405
118 1457 1353 1381 1405 1364 1415
119 4245 4143 4162 4199 4152 4211
120 4162 4143 3970 4152 4057 4068
121 1095 989 1044 1041 1013 1066
122 4403 4364 4290 4384 4329 4348
123 1353 1298 1253 1328 1275 1299
124 1353 1253 1381 1299 1316 1364
125 4283 4162 4207 4228 4187 4244
126 4207 4162 4055 4187 4113 4135
127 3156 3130 2960 3142 3044 3057
128 1876 1979 1824 1926 1901 1848
129 2960 2938 2765 2948 2849 2863
130 2765 2752 2571 2759 2660 2668
131 1824 1884 1757 1855 1820 1793
132 3538 3490 3692 3516 3592 3617
133 2296 2164 2311 2231 2238 2300
134 2164 2233 2047 2195 2140 2104
135 989 887 940 937 915 965
136 4446 4403 4336 4426 4369 4393
137 1253 1201 1153 1223 1171 1203
138 1253 1153 1216 1203 1178 1231
139 4324 4207 4247 4268 4226 4286
140 4247 4207 4097 4226 4155 4177
141 887 786 847 838 821 866
142 4490 4446 4385 4470 4417 4439
143 1153 1095 1044 1118 1066 1097
144 1153 1044 1108 1097 1074 1125
145 4364 4247 4290 4308 4271 4329
146 4290 4247 4178 4271 4218 4234
147 786 697 767 742 732 778
148 4536 4490 4451 4512 4475 4494
149 3905 4008 3865 3953 3940 3880
150 1649 1619 1757 1630 1685 1703
151 3970 4089 3905 4023 3996 3935
152 1044 989 940 1013 965 991
153 1044 940 1001 991 973 1024
154 4403 4290 4336 4348 4312 4369
155 4336 4290 4210 4312 4252 4276
156 1457 1381 1619 1415 1496 1537
157 697 611 658 654 634 674
158 4582 4536 4460 4556 4498 4526
159 4055 4162 3970 4113 4068 4007
160 4207 4055 4097 4135 4078 4155
161 4097 4055 3945 4078 3998 4017
162 3945 4055 3894 3998 3973 3916
163 4097 3945 4018 4017 3983 4063
164 1216 1153 1108 1178 1125 1160
165 1216 1108 1176 1160 1143 1194
166 1253 1216 1381 1231 1291 1316
167 4247 4097 4178 4177 4145 4218
168 4178 4097 4018 4145 4063 4099
169 4178 4018 4210 4099 4121 4197
170 4178 4210 4290 4197 4252 4234
171 1176 1108 1047 1143 1078 1110
172 1216 1176 1309 1194 1242 1262
173 1108 1044 1001 1074 1024 1053
174 1108 1001 1047 1053 1027 1078
175 1047 1001 931 1027 967 987
176 1001 940 884 973 912 942
177 4336 4210 4280 4276 4240 4305
178 931 1001 884 967 942 907
179 931 884 822 907 852 875
180 822 884 767 852 823 790
181 931 822 888 875 857 910
182 1047 931 992 987 957 1018
183 940 887 847 915 866 892
184 940 847 884 892 862 912
185 884 847 767 862 806 823
186 767 847 786 806 821 778
187 4446 4336 4385 4393 4359 4417
188 4385 4336 4280 4359 4305 4332
189 4385 4280 4354 4332 4318 4370
190 4490 4385 4451 4439 4419 4475
191 4451 4385 4354 4419 4370 4406
192 4451 4354 4460 4406 4409 4455
193 4451 4460 4536 4455 4498 4494
194 611 532 573 571 552 592
195 4625 4582 4538 4602 4557 4583
196 4354 4280 4219 4318 4246 4289
197 767 697 658 732 674 710
198 767 658 716 710 684 738
199 716 658 617 684 637 666
200 767 716 822 738 769 790
201 658 611 573 634 592 614
202 658 573 617 614 596 637
203 617 573 536 596 557 574
204 3894 4055 3970 3973 4007 3931
205 4018 3945 3853 3983 3900 3937
206 536 573 494 557 534 515
207 4582 4460 4538 4526 4499 4557
208 4538 4460 4432 4499 4445 4486
209 3945 3894 3767 3916 3833 3860
210 617 536 586 574 562 603
211 888 822 779 857 797 831
212 931 888 992 910 941 957
213 992 888 956 941 925 977
214 956 888 840 925 865 900
215 992 956 1082 977 1015 1036
216 1176 1047 1126 1110 1088 1155
217 1309 1176 1277 1242 1225 1289
218 1216 1309 1381 1262 1342 1291
219 4432 4460 4330 4445 4398 4383
220 4538 4432 4491 4486 4463 4514
221 1047 992 1126 1018 1057 1088
222 4280 4210 4130 4240 4165 4208
223 840 888 779 865 831 809
224 840 779 741 809 759 787
225 741 779 683 759 729 713
226 840 741 818 787 780 828
227 956 840 917 900 878 934
228 1082 956 1046 1015 999 1061
229 992 1082 1126 1036 1102 1057
230 1126 1082 1215 1102 1146 1168
231 1215 1082 1161 1146 1119 1184
232 1126 1215 1277 1168 1240 1204
233 4219 4280 4130 4246 4208 4169
234 683 779 716 729 745 696
235 818 741 717 780 727 766
236 4354 4219 4330 4289 4277 4341
237 741 683 647 713 667 693
238 840 818 917 828 863 878
239 917 818 890 863 854 904
240 890 818 782 854 800 836
241 917 890 1007 904 948 958
242 573 532 494 552 512 534
243 494 532 450 512 493 471
244 494 450 418 471 431 455
245 418 450 368 431 411 393
246 494 418 465 455 441 481
247 4625 4538 4589 4583 4563 4606
248 782 818 717 800 766 747
249 782 717 692 747 705 735
250 692 717 627 705 671 662
251 782 692 772 735 731 777
252 890 782 864 836 824 877
253 1007 890 984 948 935 994
254 917 1007 1046 958 1029 981
255 627 717 647 671 681 639
256 627 647 564 639 605 597
257 692 627 619 662 623 653
258 772 692 679 731 685 723
259 782 772 864 777 820 824
260 864 772 855 820 813 859
261 855 772 757 813 762 804
262 864 855 960 859 908 913
263 716 617 683 666 648 696
264 465 418 389 441 399 428
265 494 465 536 481 500 515
266 536 465 516 500 490 525
267 516 465 434 490 451 478
268 536 516 586 525 550 562
269 586 516 564 550 538 577
270 434 465 389 451 428 414
271 434 389 362 414 379 398
272 362 389 318 379 354 339
273 434 362 423 398 394 427
274 516 434 489 478 462 499
275 318 389 349 354 365 329
276 362 318 294 339 305 327
277 423 362 350 394 358 386
278 434 423 489 427 456 462
279 489 423 482 456 452 484
280 482 423 405 452 416 445
281 489 482 564 484 523 527
282 489 564 516 527 538 499
283 405 423 350 416 386 380
284 405 350 340 380 346 371
285 340 350 287 346 319 312
286 405 340 406 371 372 403
287 482 405 469 445 436 476
288 287 350 294 319 323 291
289 287 294 236 291 264 261
290 340 287 277 312 281 307
291 406 340 343 372 341 375
292 405 406 469 403 438 436
293 469 406 474 438 440 470
294 474 406 404 440 402 439
295 469 474 566 470 521 520
296 404 406 343 402 375 374
297 404 343 348 374 344 378
298 348 343 284 344 311 314
299 404 348 420 378 384 412
300 474 404 480 439 442 477
301 566 474 545 521 509 559
302 469 566 541 520 553 505
303 284 343 277 311 308 279
304 284 277 226 279 251 255
305 348 284 293 314 289 320
306 420 348 361 384 355 390
307 404 420 480 412 447 442
308 480 420 496 447 457 485
309 496 420 433 457 424 463
310 480 496 556 485 524 518
311 1161 1082 1046 1119 1061 1103
312 1161 1046 1132 1103 1090 1149
313 1132 1046 1007 1090 1029 1067
314 1161 1132 1264 1149 1200 1214
315 1264 1132 1233 1200 1180 1244
316 1161 1264 1292 1214 1278 1226
317 960 855 952 908 903 954
318 433 420 361 424 390 397
319 433 361 385 397 370 408
320 385 361 310 370 337 347
321 433 385 460 408 422 446
322 757 772 679 762 723 718
323 757 679 650 718 665 701
324 650 679 566 665 622 606
325 757 650 755 701 699 753
326 236 294 248 264 271 241
327 556 496 570 524 533 563
328 1215 1161 1292 1184 1226 1255
329 1215 1292 1344 1255 1322 1279
330 1344 1292 1435 1322 1360 1392
331 1215 1344 1277 1279 1307 1240
332 1277 1344 1418 1307 1384 1347
333 1435 1292 1390 1360 1339 1410
334 1344 1435 1486 1392 1464 1416
335 864 960 984 913 974 924
336 984 960 1081 974 1020 1033
337 496 433 513 463 473 501
338 855 757 844 804 796 849
339 287 236 230 261 232 258
340 480 556 545 518 547 511
341 545 556 643 547 600 593
342 3853 3945 3767 3900 3860 3810
343 3767 3894 3712 3833 3803 3744
344 779 822 716 797 769 745
345 1418 1344 1486 1384 1416 1456
346 1418 1486 1561 1456 1525 1487
347 1561 1486 1644 1525 1562 1601
348 1418 1561 1482 1487 1523 1449
349 1644 1486 1569 1562 1526 1604
350 1561 1644 1727 1601 1682 1645
351 1482 1561 1673 1523 1617 1580
352 1418 1482 1309 1449 1395 1359
353 310 361 293 337 326 301
354 310 293 246 301 270 276
355 460 385 417 422 396 435
356 755 650 643 699 644 695
357 4018 3853 3942 3937 3898 3982
358 433 460 513 446 486 473
359 513 460 540 486 498 526
360 540 460 491 498 479 517
361 513 540 591 526 565 551
362 1277 1418 1309 1347 1359 1289
363 617 586 683 603 636 648
364 385 310 335 347 325 359
365 757 755 844 753 795 796
366 844 755 846 795 799 843
367 846 755 754 799 751 798
368 844 846 945 843 894 893
369 1176 1126 1277 1155 1204 1225
370 591 540 625 565 581 607
371 846 754 832 798 794 839
372 491 460 417 479 435 453
373 491 417 448 453 430 466
374 448 417 367 430 391 409
375 491 448 528 466 488 507
376 754 755 643 751 695 694
377 844 945 952 893 949 897
378 952 945 1054 949 998 1002
379 540 491 569 517 531 558
380 945 846 961 894 902 951
381 1132 1007 1100 1067 1050 1113
382 513 591 570 551 582 542
383 570 591 652 582 624 609
384 4491 4432 4386 4463 4408 4441
385 226 277 230 251 253 228
386 230 277 287 253 281 258
387 226 230 178 228 202 199
388 178 230 186 202 208 183
389 226 178 179 199 176 200
390 491 528 569 507 548 531
391 569 528 608 548 567 588
392 608 528 568 567 546 587
393 569 608 659 588 632 612
394 1046 956 917 999 934 981
395 545 643 650 593 644 598
396 4130 4210 4018 4165 4121 4076
397 564 647 586 605 618 577
398 984 1081 1100 1033 1091 1040
399 984 1100 1007 1040 1050 994
400 448 367 410 409 388 426
401 4538 4491 4589 4514 4543 4563
402 4589 4491 4548 4543 4523 4572
403 4548 4491 4448 4523 4473 4500
404 4589 4548 4636 4572 4596 4613
405 284 226 238 255 231 260
406 1081 960 1058 1020 1009 1068
407 367 417 335 391 376 352
408 367 335 297 352 315 330
409 627 564 541 597 549 583
410 643 556 630 600 590 638
411 528 448 492 488 468 508
412 717 741 647 727 693 681
413 482 469 541 476 505 510
414 482 541 564 510 549 523
415 310 246 272 276 259 292
416 890 864 984 877 924 935
417 1486 1435 1569 1464 1502 1526
418 1569 1435 1516 1502 1473 1541
419 1516 1435 1390 1473 1410 1451
420 1516 1390 1475 1451 1429 1495
421 1569 1516 1669 1541 1592 1616
422 1475 1390 1346 1429 1362 1411
423 1516 1475 1625 1495 1548 1572
424 1669 1516 1625 1592 1572 1650
425 1669 1625 1784 1650 1705 1729
426 1784 1625 1738 1705 1679 1763
427 1669 1784 1834 1729 1811 1751
428 1569 1669 1728 1616 1696 1647
429 1346 1390 1264 1362 1325 1301
430 1264 1390 1292 1325 1339 1278
431 1346 1264 1233 1301 1244 1286
432 1346 1233 1385 1286 1304 1357
433 1385 1233 1211 1304 1221 1290
434 1346 1385 1475 1357 1425 1411
435 1211 1233 1100 1221 1165 1156
436 1385 1211 1341 1290 1274 1356
437 1625 1475 1587 1548 1530 1602
438 1738 1625 1587 1679 1602 1663
439 1738 1587 1702 1663 1641 1720
440 1702 1587 1529 1641 1551 1613
441 1738 1702 1862 1720 1780 1801
442 1834 1784 1954 1811 1867 1889
443 1341 1211 1198 1274 1205 1271
444 1784 1738 1903 1763 1819 1842
445 1669 1834 1728 1751 1779 1696
446 1728 1834 1893 1779 1864 1812
447 1893 1834 2012 1864 1918 1951
448 1728 1893 1786 1812 1838 1753
449 1385 1341 1529 1356 1433 1455
450 1738 1862 1903 1801 1881 1819
451 1903 1862 2042 1881 1946 1968
452 2042 1862 2045 1946 1945 2041
453 1903 2042 2089 1968 2059 1991
454 1569 1728 1644 1647 1683 1604
455 1644 1728 1786 1683 1753 1715
456 1644 1786 1727 1715 1754 1682
457 1727 1786 1922 1754 1856 1823
458 1922 1786 2047 1856 1909 1978
459 1727 1922 1876 1823 1900 1803
460 1922 2119 2071 2025 2096 1993
461 1529 1587 1385 1551 1479 1455
462 1587 1475 1385 1530 1425 1479
463 647 683 586 667 636 618
464 570 652 630 609 642 601
465 630 652 719 642 686 673
466 570 630 556 601 590 563
467 719 652 730 686 690 724
468 630 719 754 673 734 688
469 754 719 832 734 776 794
470 294 318 248 305 282 271
471 1561 1727 1673 1645 1700 1617
472 4330 4219 4160 4277 4193 4255
473 340 277 343 307 308 341
474 952 1054 1058 1002 1055 1004
475 1058 1054 1172 1055 1111 1114
476 952 1058 960 1004 1009 954
477 1172 1054 1177 1111 1115 1175
478 1058 1172 1198 1114 1181 1124
479 659 608 709 632 657 680
480 1702 1529 1690 1613 1609 1694
481 350 362 294 358 327 323
482 1482 1673 1619 1580 1648 1547
483 4354 4330 4460 4341 4398 4409
484 1054 945 1064 998 1003 1059
485 568 528 492 546 508 530
486 568 492 537 530 514 555
487 537 492 458 514 475 497
488 568 537 621 555 578 594
489 458 492 410 475 449 432
490 458 410 381 432 395 419
491 537 458 506 497 483 522
492 621 537 613 578 572 616
493 568 621 656 594 640 610
494 1862 1702 1828 1780 1766 1844
495 4625 4589 4667 4606 4630 4647
496 4667 4589 4636 4630 4613 4653
497 4667 4636 4709 4653 4673 4688
498 4709 4636 4676 4673 4659 4694
499 4676 4636 4598 4659 4618 4640
500 4709 4676 4746 4694 4712 4729
501 4598 4636 4548 4618 4596 4575
502 4598 4548 4509 4575 4528 4555
503 4509 4548 4448 4528 4500 4479
504 4598 4509 4569 4555 4539 4584
505 4509 4448 4399 4479 4425 4459
506 4399 4448 4334 4425 4392 4368
507 4509 4399 4471 4459 4438 4488
508 4569 4509 4471 4539 4488 4521
509 4569 4471 4534 4521 4502 4549
510 4598 4569 4651 4584 4611 4626
511 4534 4471 4431 4502 4450 4484
512 4569 4534 4623 4549 4581 4595
513 4334 4448 4386 4392 4418 4358
514 4334 4386 4264 4358 4326 4296
515 4386 4448 4491 4418 4473 4441
516 4264 4386 4330 4326 4355 4294
517 4334 4264 4202 4296 4230 4273
518 4399 4334 4282 4368 4306 4343
519 4471 4399 4356 4438 4380 4416
520 4676 4598 4651 4640 4626 4664
521 4676 4651 4720 4664 4685 4700
522 4720 4651 4695 4685 4672 4706
523 4676 4720 4746 4700 4734 4712
524 4746 4720 4784 4734 4754 4765
525 4695 4651 4623 4672 4635 4661
526 4695 4623 4670 4661 4646 4681
527 4670 4623 4590 4646 4605 4632
528 4695 4670 4737 4681 4705 4715
529 4623 4651 4569 4635 4611 4595
530 4720 4695 4760 4706 4728 4738
531 4670 4590 4641 4632 4617 4656
532 4695 4737 4760 4715 4748 4728
533 4760 4737 4797 4748 4768 4778
534 4797 4737 4776 4768 4757 4786
535 4760 4797 4815 4778 4805 4790
536 4815 4797 4843 4805 4822 4830
537 4590 4623 4534 4605 4581 4564
538 4590 4534 4496 4564 4515 4545
539 4496 4534 4431 4515 4484 4465
540 4590 4496 4562 4545 4532 4576
541 4496 4431 4390 4465 4410 4444
542 4390 4431 4314 4410 4376 4351
543 4496 4390 4468 4444 4430 4482
544 4562 4496 4468 4532 4482 4517
545 4562 4468 4535 4517 4501 4547
546 4590 4562 4641 4576 4603 4617
547 4641 4562 4621 4603 4592 4631
548 4621 4562 4535 4592 4547 4579
549 4641 4621 4693 4631 4658 4668
550 4621 4535 4597 4579 4570 4609
551 4597 4535 4508 4570 4522 4552
552 4621 4597 4674 4609 4637 4648
553 4535 4468 4435 4501 4449 4487
554 4508 4535 4435 4522 4487 4474
555 4508 4435 4401 4474 4420 4456
556 4401 4435 4323 4420 4379 4363
557 4508 4401 4481 4456 4442 4492
558 4674 4597 4655 4637 4629 4665
559 4737 4670 4714 4705 4692 4725
560 4597 4508 4574 4552 4540 4586
561 4621 4674 4693 4648 4683 4658
562 4693 4674 4739 4683 4708 4716
563 4739 4674 4723 4708 4699 4731
564 4693 4739 4758 4716 4749 4724
565 4776 4737 4714 4757 4725 4747
566 4776 4714 4758 4747 4736 4766
567 4758 4714 4693 4736 4703 4724
568 4776 4758 4808 4766 4787 4794
569 4693 4714 4641 4703 4679 4668
570 4808 4758 4795 4787 4777 4804
571 4776 4808 4825 4794 4820 4803
572 4795 4758 4739 4777 4749 4769
573 4795 4739 4780 4769 4761 4788
574 4780 4739 4723 4761 4731 4753
575 4795 4780 4827 4788 4806 4810
576 4780 4723 4767 4753 4743 4773
577 4767 4723 4704 4743 4711 4735
578 4780 4767 4817 4773 4793 4801
579 4827 4780 4817 4806 4801 4823
580 4827 4817 4856 4823 4835 4844
581 4795 4827 4839 4810 4833 4818
582 4856 4817 4849 4835 4832 4851
583 4827 4856 4866 4844 4860 4848
584 4808 4795 4839 4804 4818 4826
585 4808 4839 4850 4826 4846 4831
586 4850 4839 4873 4846 4857 4861
587 4808 4850 4825 4831 4840 4820
588 4825 4850 4868 4840 4858 4847
589 4868 4850 4887 4858 4871 4876
590 4776 4825 4797 4803 4809 4786
591 4797 4825 4843 4809 4834 4822
592 4843 4825 4868 4834 4847 4855
593 4873 4839 4866 4857 4852 4870
594 4873 4866 4894 4870 4881 4884
595 4894 4866 4886 4881 4874 4891
596 4873 4894 4904 4884 4898 4889
597 4904 4894 4916 4898 4907 4911
598 4866 4839 4827 4852 4833 4848
599 4850 4873 4887 4861 4880 4871
600 4887 4873 4904 4880 4889 4896
601 4886 4866 4856 4874 4860 4872
602 4886 4856 4879 4872 4869 4883
603 4879 4856 4849 4869 4851 4865
604 4886 4879 4906 4883 4893 4897
605 4879 4849 4877 4865 4862 4878
606 4877 4849 4836 4862 4845 4859
607 4879 4877 4899 4878 4888 4890
608 4894 4886 4913 4891 4900 4905
609 4906 4879 4899 4893 4890 4902
610 4906 4899 4915 4902 4909 4912
611 4915 4899 4903 4909 4901 4910
612 4903 4899 4877 4901 4888 4892
613 4886 4906 4913 4897 4908 4900
614 4913 4906 4923 4908 4917 4918
615 4704 4723 4655 4711 4691 4678
616 4655 4723 4674 4691 4699 4665
617 4704 4655 4634 4678 4643 4671
618 4634 4655 4574 4643 4616 4604
619 4704 4634 4689 4671 4663 4698
620 4634 4574 4551 4604 4565 4594
621 4551 4574 4481 4565 4527 4519
622 4481 4574 4508 4527 4540 4492
623 4551 4481 4454 4519 4469 4506
624 4634 4551 4620 4594 4587 4628
625 4817 4767 4807 4793 4789 4811
626 4877 4836 4885 4859 4863 4882
627 4689 4634 4620 4663 4628 4654
628 4689 4620 4675 4654 4649 4682
629 4675 4620 4601 4649 4612 4639
630 4689 4675 4740 4682 4710 4713
631 4454 4481 4375 4469 4429 4414
632 4767 4704 4751 4735 4730 4759
633 4836 4849 4807 4845 4829 4824
634 4836 4807 4796 4824 4802 4819
635 4807 4849 4817 4829 4832 4811
636 4796 4807 4751 4802 4781 4775
637 4836 4796 4838 4819 4821 4837
638 4796 4751 4740 4775 4744 4770
639 4740 4751 4689 4744 4721 4713
640 4796 4740 4785 4770 4762 4791
641 4689 4751 4704 4721 4730 4698
642 4785 4740 4726 4762 4733 4756
643 4796 4785 4838 4791 4813 4821
644 4838 4785 4842 4813 4816 4841
645 4551 4454 4533 4506 4493 4541
646 4314 4431 4356 4376 4394 4337
647 4314 4356 4231 4337 4295 4275
648 4356 4431 4471 4394 4450 4416
649 4231 4356 4282 4295 4322 4261
650 4231 4282 4138 4261 4214 4182
651 4314 4231 4176 4275 4205 4251
652 4468 4390 4352 4430 4373 4411
653 4785 4726 4779 4756 4755 4782
654 4138 4282 4202 4214 4236 4164
655 4202 4282 4334 4236 4306 4273
656 4390 4314 4272 4351 4291 4333
657 4726 4740 4675 4733 4710 4702
658 4726 4675 4662 4702 4669 4696
659 4662 4675 4601 4669 4639 4633
660 4726 4662 4717 4696 4690 4722
661 4662 4601 4588 4633 4593 4627
662 4588 4601 4513 4593 4559 4550
663 4662 4588 4652 4627 4622 4657
664 4717 4662 4652 4690 4657 4684
665 4726 4717 4779 4722 4750 4755
666 4779 4717 4764 4750 4741 4772
667 4764 4717 4719 4741 4718 4742
668 4779 4764 4814 4772 4792 4798
669 4814 4764 4783 4792 4774 4799
670 4783 4764 4719 4774 4742 4752
671 4717 4652 4719 4684 4686 4718
672 4719 4652 4638 4686 4644 4680
673 4638 4652 4573 4644 4614 4608
674 4719 4638 4745 4680 4697 4732
675 4573 4652 4588 4614 4622 4580
676 4573 4588 4495 4580 4544 4537
677 4495 4588 4513 4544 4550 4507
678 4495 4513 4413 4507 4466 4457
679 4573 4495 4483 4537 4489 4531
680 4413 4513 4437 4466 4476 4424
681 4495 4413 4397 4457 4404 4447
682 4638 4573 4561 4608 4568 4600
683 4483 4495 4397 4489 4447 4440
684 4231 4138 4074 4182 4100 4156
685 4573 4483 4561 4531 4525 4568
686 4561 4483 4472 4525 4477 4518
687 4472 4483 4381 4477 4433 4427
688 4561 4472 4567 4518 4520 4566
689 4202 4264 4105 4230 4191 4154
690 4481 4401 4375 4442 4388 4429
691 4375 4401 4285 4388 4345 4331
692 4285 4401 4323 4345 4363 4300
693 4375 4285 4257 4331 4269 4316
694 4285 4323 4188 4300 4262 4233
695 4314 4176 4272 4251 4225 4291
696 4272 4176 4124 4225 4148 4203
697 4124 4176 4012 4148 4093 4067
698 4272 4124 4227 4203 4173 4248
699 4188 4323 4227 4262 4278 4209
700 4188 4227 4072 4209 4153 4133
701 4072 4227 4124 4153 4173 4095
702 4072 4124 3954 4095 4040 4013
703 4188 4072 4022 4133 4053 4107
704 4227 4323 4352 4278 4339 4293
705 4352 4323 4435 4339 4379 4396
706 4352 4435 4468 4396 4449 4411
707 3954 4124 4012 4040 4067 3986
708 4072 3954 3911 4013 3933 3995
709 4022 4072 3911 4053 3995 3964
710 4188 4022 4147 4107 4087 4163
711 4601 4620 4533 4612 4577 4571
712 4561 4567 4650 4566 4610 4607
713 4620 4551 4533 4587 4541 4577
714 4836 4838 4885 4837 4864 4863
715 4472 4381 4367 4427 4374 4422
716 4513 4601 4533 4559 4571 4524
717 4513 4533 4437 4524 4485 4476
718 4437 4533 4454 4485 4493 4443
719 4437 4454 4347 4443 4402 4391
720 4347 4454 4375 4402 4414 4360
721 4437 4347 4327 4391 4338 4382
722 4327 4347 4224 4338 4288 4281
723 4437 4327 4413 4382 4371 4424
724 4413 4327 4304 4371 4315 4361
725 4304 4327 4201 4315 4267 4258
726 4413 4304 4397 4361 4350 4404
727 4397 4304 4284 4350 4292 4340
728 4284 4304 4168 4292 4239 4232
729 4397 4284 4381 4340 4335 4387
730 4381 4284 4270 4335 4279 4328
731 4397 4381 4483 4387 4433 4440
732 4270 4284 4149 4279 4222 4217
733 4381 4270 4367 4328 4321 4374
734 4367 4270 4260 4321 4265 4311
735 4260 4270 4134 4265 4206 4200
736 4367 4260 4362 4311 4309 4366
737 4201 4327 4224 4267 4281 4213
738 4201 4224 4073 4213 4150 4141
739 4073 4224 4109 4150 4166 4090
740 4201 4073 4049 4141 4060 4126
741 4134 4270 4149 4206 4217 4144
742 4134 4149 3997 4144 4075 4064
743 3997 4149 4016 4075 4084 4003
744 4134 3997 3981 4064 3990 4058
745 4362 4260 4249 4309 4253 4307
746 4304 4201 4168 4258 4185 4239
747 4168 4201 4049 4185 4126 4115
748 4168 4049 4016 4115 4026 4094
749 4016 4049 3886 4026 3967 3950
750 4168 4016 4149 4094 4084 4158
751 3886 4049 3921 3967 3987 3909
752 4016 3886 3862 3950 3875 3943
753 3921 4049 4073 3987 4060 4000
754 3921 4073 3952 4000 4011 3938
755 3952 4073 4109 4011 4090 4024
756 3921 3952 3784 3938 3871 3859
757 3952 4109 3994 4024 4052 3971
758 3994 4109 4147 4052 4129 4069
759 3952 3994 3829 3971 3912 3891
760 3994 4147 4022 4069 4087 4004
761 3994 4022 3863 4004 3946 3925
762 3784 3952 3829 3871 3891 3802
763 3784 3829 3640 3802 3738 3713
764 3921 3784 3757 3859 3771 3845
765 3863 4022 3911 3946 3964 3882
766 3994 3863 3829 3925 3847 3912
767 3829 3863 3680 3847 3775 3756
768 3680 3863 3733 3775 3794 3711
769 3829 3680 3640 3756 3663 3738
770 3640 3680 3503 3663 3594 3572
771 3503 3680 3546 3594 3618 3523
772 3640 3503 3464 3572 3478 3548
773 3886 3921 3757 3909 3845 3827
774 3886 3757 3716 3827 3740 3804
775 3716 3757 3576 3740 3664 3641
776 3886 3716 3862 3804 3788 3875
777 3862 3716 3690 3788 3707 3777
778 3690 3716 3542 3707 3629 3616
779 3862 3690 3849 3777 3770 3855
780 3576 3757 3615 3664 3681 3596
781 3716 3576 3542 3641 3553 3629
782 4016 3862 3997 3943 3929 4003
783 3997 3862 3849 3929 3855 3919
784 3997 3849 3981 3919 3914 3990
785 3981 3849 3830 3914 3839 3908
786 3830 3849 3671 3839 3759 3751
787 3981 3830 3969 3908 3902 3975
788 4260 4134 4120 4200 4125 4192
789 4367 4362 4461 4366 4412 4415
790 4149 4284 4168 4222 4232 4158
791 3680 3733 3546 3711 3638 3618
792 3546 3733 3602 3638 3667 3577
793 3830 3671 3655 3751 3662 3743
794 3602 3733 3785 3667 3760 3693
795 4109 4224 4257 4166 4235 4183
796 4109 4257 4147 4183 4204 4129
797 4147 4257 4285 4204 4269 4221
798 4147 4285 4188 4221 4233 4163
799 3690 3542 3518 3616 3527 3603
800 3981 3969 4120 3975 4044 4051
801 4120 3969 4116 4044 4041 4117
802 3981 4120 4134 4051 4125 4058
803 4116 3969 3960 4041 3963 4035
804 4120 4116 4249 4117 4181 4186
805 4249 4116 4241 4181 4179 4242
806 3849 3690 3671 3770 3677 3759
807 3671 3690 3518 3677 3603 3595
808 3671 3518 3504 3595 3509 3588
809 3504 3518 3345 3509 3430 3424
810 3671 3504 3655 3588 3579 3662
811 3655 3504 3486 3579 3495 3568
812 3486 3504 3331 3495 3416 3408
813 3655 3486 3649 3568 3565 3650
814 3331 3504 3345 3416 3424 3339
815 3331 3345 3179 3339 3262 3258
816 3179 3345 3202 3262 3273 3192
817 3331 3179 3171 3258 3173 3251
818 3486 3331 3316 3408 3325 3401
819 3649 3486 3483 3565 3484 3564
820 3655 3649 3820 3650 3732 3735
821 3202 3345 3369 3273 3355 3285
822 3179 3202 3033 3192 3116 3108
823 3171 3179 3019 3173 3101 3093
824 3331 3171 3316 3251 3244 3325
825 3316 3171 3157 3244 3164 3233
826 3157 3171 3009 3164 3088 3083
827 3316 3157 3318 3233 3234 3315
828 3009 3171 3019 3088 3093 3015
829 3009 3019 2860 3015 2937 2933
830 2860 3019 2876 2937 2944 2871
831 3009 2860 2854 2933 2855 2931
832 3157 3009 3000 3083 3003 3079
833 3318 3157 3163 3234 3158 3236
834 3316 3318 3483 3315 3397 3396
835 3483 3318 3480 3397 3395 3481
836 3969 3830 3820 3902 3823 3897
837 3820 3830 3655 3823 3743 3735
838 3969 3820 3960 3897 3892 3963
839 3546 3602 3417 3577 3512 3479
840 3733 3863 3911 3794 3882 3826
841 3733 3911 3785 3826 3852 3760
842 3785 3911 3954 3852 3933 3876
843 3785 3954 3843 3876 3904 3818
844 3843 3954 4012 3904 3986 3928
845 3785 3843 3659 3818 3753 3719
846 3640 3464 3615 3548 3539 3627
847 3640 3615 3784 3627 3703 3713
848 3784 3615 3757 3703 3681 3771
849 3615 3464 3440 3539 3450 3528
850 4241 4116 4103 4179 4108 4174
851 2854 2860 2704 2855 2785 2782
852 3503 3546 3366 3523 3454 3434
853 2876 3019 3033 2944 3025 2954
854 2876 3033 2893 2954 2964 2883
855 4249 4241 4353 4242 4299 4303
856 3009 2854 3000 2931 2924 3003
857 3000 2854 2852 2924 2851 2922
858 2852 2854 2698 2851 2778 2777
859 3000 2852 3011 2922 2929 3005
860 2698 2854 2704 2778 2782 2700
861 2698 2704 2550 2700 2627 2624
862 2550 2704 2562 2627 2633 2555
863 2698 2550 2554 2624 2548 2626
864 2852 2698 2702 2777 2699 2780
865 3011 2852 2862 2929 2856 2934
866 3000 3011 3163 3005 3085 3081
867 3163 3011 3170 3085 3089 3166
868 3464 3503 3322 3478 3413 3387
869 2860 2876 2719 2871 2796 2789
870 4176 4231 4074 4205 4156 4128
871 4176 4074 4012 4128 4043 4093
872 4012 4074 3910 4043 3993 3955
873 3910 4074 3974 3993 4020 3941
874 4012 3910 3843 3955 3874 3928
875 3974 4074 4138 4020 4100 4056
876 3974 4138 4036 4056 4086 4002
877 4036 4138 4202 4086 4164 4122
878 3974 4036 3867 4002 3951 3918
879 4036 4202 4105 4122 4154 4070
880 4036 4105 3939 4070 4019 3991
881 3939 4105 4010 4019 4061 3976
882 4036 3939 3867 3991 3907 3951
883 3867 3939 3761 3907 3854 3819
884 3974 3867 3795 3918 3840 3889
885 3910 3974 3795 3941 3889 3857
886 3910 3795 3724 3857 3766 3824
887 3724 3795 3610 3766 3710 3670
888 3910 3724 3843 3824 3782 3874
889 3843 3724 3659 3782 3689 3753
890 3610 3795 3688 3710 3747 3647
891 3724 3610 3537 3670 3574 3631
892 3761 3939 3842 3854 3890 3797
893 3867 3761 3688 3819 3721 3779
894 3688 3761 3571 3721 3666 3628
895 3867 3688 3795 3779 3747 3840
896 3571 3761 3653 3666 3708 3609
897 3688 3571 3501 3628 3533 3597
898 3653 3761 3842 3708 3797 3750
899 3571 3653 3461 3609 3552 3517
900 3501 3571 3378 3533 3473 3439
901 3688 3501 3610 3597 3550 3647
902 3610 3501 3427 3550 3463 3520
903 3427 3501 3310 3463 3404 3368
904 3610 3427 3537 3520 3477 3574
905 3537 3427 3350 3477 3384 3442
906 3350 3427 3237 3384 3333 3293
907 3537 3350 3475 3442 3418 3510
908 3310 3501 3378 3404 3439 3348
909 3310 3378 3205 3348 3292 3259
910 3205 3378 3284 3292 3332 3235
911 3310 3205 3135 3259 3169 3219
912 3427 3310 3237 3368 3280 3333
913 3237 3310 3135 3280 3219 3191
914 3237 3135 3067 3191 3103 3149
915 3067 3135 2959 3103 3047 3013
916 3237 3067 3194 3149 3128 3213
917 2959 3135 3031 3047 3078 2990
918 3067 2959 2895 3013 2918 2979
919 3194 3067 3018 3128 3042 3105
920 3237 3194 3350 3213 3274 3293
921 3350 3194 3301 3274 3247 3330
922 3301 3194 3126 3247 3152 3216
923 3350 3301 3475 3330 3386 3418
924 3475 3301 3417 3386 3361 3444
925 3417 3301 3232 3361 3269 3326
926 3232 3301 3126 3269 3216 3182
927 3417 3232 3366 3326 3295 3385
928 3232 3126 3063 3182 3097 3145
929 3063 3126 2953 3097 3040 3006
930 3232 3063 3189 3145 3123 3208
931 3126 3194 3018 3152 3105 3069
932 3126 3018 2953 3069 2983 3040
933 2953 3018 2838 2983 2925 2898
934 2838 3018 2895 2925 2956 2872
935 2838 2895 2726 2872 2811 2787
936 2953 2838 2781 2898 2815 2870
937 2726 2895 2800 2811 2839 2757
938 2838 2726 2680 2787 2697 2758
939 2800 2895 2959 2839 2918 2878
940 2800 2959 2868 2878 2907 2829
941 2868 2959 3031 2907 2990 2945
942 2800 2868 2687 2829 2775 2741
943 2868 3031 2935 2945 2981 2901
944 2935 3031 3113 2981 3070 3026
945 2868 2935 2761 2901 2844 2816
946 2726 2800 2618 2757 2709 2674
947 2680 2726 2557 2697 2643 2611
948 2838 2680 2781 2758 2729 2815
949 2781 2680 2614 2729 2649 2696
950 2614 2680 2509 2649 2595 2566
951 2781 2614 2746 2696 2683 2762
952 2509 2680 2557 2595 2611 2530
953 2509 2557 2394 2530 2471 2446
954 2394 2557 2457 2471 2508 2426
955 2509 2394 2351 2446 2368 2429
956 2614 2509 2448 2566 2480 2533
957 2746 2614 2583 2683 2602 2663
958 2781 2746 2910 2762 2830 2841
959 2953 2781 2910 2870 2841 2930
960 2953 2910 3063 2930 2988 3006
961 3063 2910 3002 2988 2961 3034
962 3002 2910 2850 2961 2884 2923
963 3063 3002 3189 3034 3100 3123
964 2457 2557 2618 2508 2591 2538
965 2457 2618 2513 2538 2568 2487
966 2394 2457 2293 2426 2375 2345
967 2351 2394 2232 2368 2310 2290
968 2509 2351 2448 2429 2396 2480
969 2448 2351 2298 2396 2320 2374
970 2298 2351 2183 2320 2270 2240
971 2448 2298 2424 2374 2357 2436
972 2183 2351 2232 2270 2290 2206
973 2183 2232 2058 2206 2146 2127
974 2058 2232 2129 2146 2180 2095
975 2183 2058 2007 2127 2036 2101
976 2298 2183 2133 2240 2157 2220
977 2424 2298 2266 2357 2281 2344
978 2448 2424 2583 2436 2502 2517
979 2583 2424 2539 2502 2478 2564
980 3232 3189 3366 3208 3278 3295
981 3366 3189 3322 3278 3257 3344
982 2058 2129 1939 2095 2037 1995
983 2183 2007 2133 2101 2075 2157
984 2133 2007 1956 2075 1977 2048
985 1956 2007 1831 1977 1917 1891
986 2133 1956 2100 2048 2030 2116
987 2129 2232 2293 2180 2260 2211
988 2129 2293 2182 2211 2237 2154
989 2007 2058 1879 2036 1966 1940
990 2687 2868 2761 2775 2816 2727
991 2687 2761 2592 2727 2678 2641
992 1831 2007 1879 1917 1940 1859
993 1831 1879 1716 1859 1796 1774
994 1716 1879 1771 1796 1825 1741
995 1831 1716 1672 1774 1692 1752
996 2100 1956 1920 2030 1937 2008
997 2592 2761 2665 2678 2716 2625
998 2687 2592 2513 2641 2546 2601
999 2513 2592 2423 2546 2505 2466
1000 2423 2592 2503 2505 2544 2460
1001 2513 2423 2349 2466 2380 2430
1002 2800 2687 2618 2741 2656 2709
1003 2618 2687 2513 2656 2601 2568
1004 1956 1831 1790 1891 1813 1868
1005 2133 2100 2266 2116 2181 2196
1006 2266 2100 2227 2181 2163 2243
1007 1771 1879 1939 1825 1908 1857
1008 1771 1939 1827 1857 1882 1800
1009 1672 1716 1556 1692 1636 1614
1010 2457 2513 2349 2487 2430 2397
1011 1716 1771 1610 1741 1688 1664
1012 1831 1672 1790 1752 1733 1813
1013 1790 1672 1631 1733 1657 1712
1014 1631 1672 1520 1657 1596 1576
1015 1790 1631 1761 1712 1693 1773
1016 3284 3378 3461 3332 3422 3370
1017 3284 3461 3356 3370 3409 3317
1018 3356 3461 3543 3409 3500 3448
1019 3284 3356 3176 3317 3267 3225
1020 3113 3031 3205 3070 3114 3151
1021 3205 3031 3135 3114 3078 3169
1022 3113 3205 3284 3151 3235 3200
1023 3113 3284 3176 3200 3225 3141
1024 3113 3176 2995 3141 3087 3055
1025 2995 3176 3059 3087 3118 3030
1026 3113 2995 2935 3055 2969 3026
1027 2935 2995 2828 2969 2912 2886
1028 2828 2995 2913 2912 2957 2875
1029 2935 2828 2761 2886 2797 2844
1030 2761 2828 2665 2797 2745 2716
1031 2665 2828 2753 2745 2792 2714
1032 2753 2828 2913 2792 2875 2833
1033 2753 2913 2842 2833 2880 2808
1034 2665 2753 2586 2714 2671 2622
1035 2842 2913 3023 2880 2971 2932
1036 2753 2842 2672 2808 2755 2720
1037 2913 2995 3059 2957 3030 2987
1038 2913 3059 3023 2987 3041 2971
1039 3023 3059 3204 3041 3129 3112
1040 3204 3059 3176 3129 3118 3190
1041 3023 3204 3125 3112 3162 3073
1042 3125 3204 3303 3162 3255 3215
1043 3023 3125 2950 3073 3037 2984
1044 2842 3023 2950 2932 2984 2899
1045 2842 2950 2774 2899 2865 2814
1046 2672 2842 2774 2755 2814 2724
1047 2753 2672 2586 2720 2629 2671
1048 2586 2672 2504 2629 2589 2542
1049 2504 2672 2604 2589 2639 2551
1050 2586 2504 2418 2542 2459 2499
1051 2774 2950 2892 2865 2915 2831
1052 2665 2586 2503 2622 2541 2584
1053 2665 2503 2592 2584 2544 2625
1054 1631 1520 1484 1576 1504 1555
1055 2604 2672 2774 2639 2724 2685
1056 2586 2418 2503 2499 2458 2541
1057 1790 1761 1920 1773 1839 1853
1058 1920 1761 1886 1839 1822 1904
1059 2504 2604 2434 2551 2519 2467
1060 3537 3475 3659 3510 3567 3601
1061 3659 3475 3602 3567 3540 3626
1062 3659 3602 3785 3626 3693 3719
1063 3602 3475 3417 3540 3444 3512
1064 1761 1631 1606 1693 1618 1680
1065 1520 1672 1556 1596 1614 1540
1066 1520 1556 1414 1540 1485 1467
1067 1414 1556 1463 1485 1511 1437
1068 1520 1414 1383 1467 1397 1448
1069 2418 2504 2338 2459 2421 2376
1070 3417 3366 3546 3385 3454 3479
1071 3125 3303 3241 3215 3277 3186
1072 1414 1463 1320 1437 1391 1363
1073 2129 2182 1999 2154 2099 2066
1074 2604 2774 2703 2685 2738 2653
1075 1520 1383 1484 1448 1430 1504
1076 1484 1383 1349 1430 1361 1417
1077 1349 1383 1243 1361 1312 1294
1078 1484 1349 1466 1417 1407 1472
1079 2182 2293 2349 2237 2318 2269
1080 2349 2293 2457 2318 2375 2397
1081 2182 2349 2245 2269 2297 2217
1082 2245 2349 2423 2297 2380 2330
1083 2182 2245 2074 2217 2161 2130
1084 2950 3125 3061 3037 3094 3001
1085 1383 1414 1276 1397 1345 1330
1086 3303 3204 3421 3255 3306 3362
1087 1463 1556 1610 1511 1582 1534
1088 1463 1610 1509 1534 1552 1483
1089 2614 2448 2583 2533 2517 2602
1090 2266 2227 2385 2243 2305 2324
1091 1466 1349 1331 1407 1338 1396
1092 2227 2100 2056 2163 2078 2142
1093 3356 3543 3421 3448 3474 3382
1094 2557 2726 2618 2643 2674 2591
1095 2746 2583 2722 2663 2651 2731
1096 1771 1827 1665 1800 1744 1717
1097 1243 1383 1276 1312 1330 1261
1098 1243 1276 1147 1261 1213 1193
1099 1147 1276 1182 1213 1228 1163
1100 1243 1147 1116 1193 1129 1179
1101 1827 1939 1999 1882 1970 1911
1102 1999 1939 2129 1970 2037 2066
1103 1827 1999 1902 1911 1948 1863
1104 1902 1999 2074 1948 2040 1984
1105 1902 2074 1974 1984 2024 1934
1106 1974 2074 2159 2024 2114 2070
1107 1902 1974 1799 1934 1883 1847
1108 2074 1999 2182 2040 2099 2130
1109 2159 2074 2245 2114 2161 2200
1110 2159 2245 2321 2200 2285 2241
1111 2321 2245 2423 2285 2330 2369
1112 2159 2321 2230 2241 2276 2189
1113 2321 2423 2503 2369 2460 2413
1114 1974 2159 2069 2070 2113 2020
1115 1902 1799 1736 1847 1765 1816
1116 2159 2230 2069 2189 2150 2113
1117 2069 2230 2149 2150 2186 2111
1118 2149 2230 2338 2186 2284 2244
1119 2069 2149 1962 2111 2057 2017
1120 1799 1974 1872 1883 1919 1832
1121 2230 2321 2418 2276 2365 2322
1122 1827 1902 1736 1863 1816 1778
1123 1827 1736 1665 1778 1695 1744
1124 1665 1736 1573 1695 1654 1615
1125 1962 2149 2045 2057 2097 1998
1126 2069 1962 1872 2017 1914 1965
1127 1872 1962 1794 1914 1873 1829
1128 1794 1962 1828 1873 1892 1810
1129 1872 1794 1704 1829 1745 1788
1130 1573 1736 1646 1654 1687 1607
1131 1665 1573 1509 1615 1539 1583
1132 1665 1509 1610 1583 1552 1633
1133 1665 1610 1771 1633 1688 1717
1134 1509 1573 1420 1539 1491 1465
1135 1484 1466 1606 1472 1535 1542
1136 1606 1466 1581 1535 1522 1593
1137 2539 2424 2385 2478 2399 2461
1138 2539 2385 2515 2461 2445 2528
1139 2515 2385 2360 2445 2372 2439
1140 2539 2515 2679 2528 2596 2606
1141 3176 3356 3204 3267 3282 3190
1142 2583 2539 2722 2564 2628 2651
1143 3543 3461 3653 3500 3552 3599
1144 3543 3653 3742 3599 3691 3636
1145 3742 3653 3842 3691 3750 3787
1146 3543 3742 3632 3636 3683 3590
1147 3742 3842 3917 3787 3878 3836
1148 1349 1243 1219 1294 1230 1284
1149 2298 2133 2266 2220 2196 2281
1150 2360 2385 2227 2372 2305 2294
1151 2679 2515 2654 2596 2582 2661
1152 2232 2394 2293 2310 2345 2260
1153 2424 2266 2385 2344 2324 2399
1154 1182 1276 1320 1228 1293 1250
1155 1182 1320 1209 1250 1260 1191
1156 2515 2360 2495 2439 2427 2506
1157 2539 2679 2722 2606 2692 2628
1158 1886 1761 1731 1822 1743 1808
1159 1116 1147 1021 1129 1084 1065
1160 1920 1886 2056 1904 1971 1989
1161 2056 1886 2043 1971 1961 2051
1162 1920 2056 2100 1989 2078 2008
1163 2043 1886 1869 1961 1878 1952
1164 2056 2043 2203 2051 2124 2132
1165 1463 1509 1358 1483 1434 1412
1166 1147 1182 1051 1163 1117 1099
1167 608 568 656 587 610 631
1168 608 656 709 631 678 657
1169 709 656 750 678 703 726
1170 1243 1116 1219 1179 1167 1230
1171 1219 1116 1096 1167 1105 1159
1172 1096 1116 995 1105 1052 1043
1173 1219 1096 1207 1159 1152 1212
1174 995 1116 1021 1052 1065 1006
1175 995 1021 905 1006 959 947
1176 905 1021 929 959 975 914
1177 995 905 882 947 891 936
1178 1096 995 978 1043 985 1035
1179 1207 1096 1083 1152 1087 1142
1180 1219 1207 1331 1212 1268 1273
1181 1331 1207 1317 1268 1258 1324
1182 4567 4472 4461 4520 4467 4516
1183 4461 4472 4367 4467 4422 4415
1184 4567 4461 4554 4516 4510 4558
1185 4554 4461 4452 4510 4458 4505
1186 4567 4554 4666 4558 4615 4619
1187 652 591 677 624 635 668
1188 318 349 278 329 313 296
1189 349 389 418 365 399 382
1190 349 418 368 382 393 360
1191 349 368 298 360 332 324
1192 569 659 625 612 641 599
1193 625 659 744 641 698 682
1194 1233 1132 1100 1180 1113 1165
1195 246 293 238 270 263 242
1196 238 293 284 263 289 260
1197 246 238 189 242 213 217
1198 189 238 179 213 207 184
1199 189 179 140 184 158 166
1200 246 189 209 217 197 227
1201 619 627 541 623 583 579
1202 619 541 566 579 553 589
1203 4894 4913 4916 4905 4914 4907
1204 4916 4913 4924 4914 4919 4921
1205 1956 1790 1920 1868 1853 1937
1206 209 189 153 197 170 180
1207 570 496 513 533 501 542
1208 4116 3960 4103 4035 4032 4108
1209 4103 3960 3956 4032 3958 4028
1210 3956 3960 3812 3958 3888 3885
1211 4103 3956 4106 4028 4031 4104
1212 3812 3960 3820 3888 3892 3813
1213 3956 3812 3808 3885 3807 3883
1214 4103 4106 4237 4104 4175 4172
1215 1182 1209 1094 1191 1151 1137
1216 4106 3956 3961 4031 3959 4034
1217 566 545 650 559 598 606
1218 2089 2042 2259 2059 2152 2177
1219 1799 1872 1704 1832 1788 1749
1220 3712 3894 3970 3803 3931 3850
1221 3067 2895 3018 2979 2956 3042
1222 882 905 784 891 841 833
1223 1786 1893 2047 1838 1964 1909
1224 1716 1610 1556 1664 1582 1636
1225 744 659 752 698 707 746
1226 186 230 236 208 232 211
1227 186 236 194 211 215 188
1228 194 236 248 215 241 221
1229 194 248 212 221 229 201
1230 186 194 144 188 169 164
1231 212 248 278 229 262 245
1232 194 212 157 201 185 173
1233 144 194 157 169 173 150
1234 144 157 113 150 133 129
1235 186 144 137 164 142 162
1236 157 212 174 185 192 167
1237 157 174 126 167 149 141
1238 113 157 126 133 141 116
1239 144 113 102 129 109 123
1240 113 126 84 116 104 97
1241 102 113 76 109 93 89
1242 144 102 137 123 119 142
1243 137 102 100 119 101 118
1244 100 102 68 101 87 82
1245 137 100 143 118 120 138
1246 186 137 178 162 156 183
1247 178 137 143 156 138 159
1248 178 143 179 159 160 176
1249 179 143 140 160 139 158
1250 68 102 76 87 89 70
1251 68 76 46 70 60 56
1252 46 76 50 60 62 48
1253 68 46 44 56 43 55
1254 100 68 71 82 69 86
1255 143 100 110 120 103 125
1256 44 46 26 43 36 35
1257 68 44 71 55 57 69
1258 71 44 53 57 49 61
1259 53 44 30 49 37 41
1260 71 53 94 61 74 80
1261 2698 2554 2702 2626 2630 2699
1262 2702 2554 2561 2630 2556 2632
1263 2561 2554 2410 2556 2483 2486
1264 2702 2561 2688 2632 2621 2694
1265 2410 2554 2404 2483 2481 2406
1266 2561 2410 2420 2486 2414 2491
1267 2688 2561 2543 2621 2547 2612
1268 2702 2688 2862 2694 2772 2786
1269 2862 2688 2861 2772 2770 2858
1270 750 656 700 703 676 725
1271 348 293 361 320 326 355
1272 4010 4105 4160 4061 4139 4088
1273 1606 1581 1731 1593 1658 1668
1274 1731 1581 1718 1658 1651 1726
1275 1606 1731 1761 1668 1743 1680
1276 1718 1581 1574 1651 1577 1642
1277 1731 1718 1869 1726 1795 1802
1278 1869 1718 1851 1795 1783 1861
1279 1851 1718 1701 1783 1710 1776
1280 1869 1851 2021 1861 1933 1941
1281 226 179 238 200 207 231
1282 1869 1886 1731 1878 1808 1802
1283 4452 4461 4362 4458 4412 4407
1284 4452 4362 4353 4407 4357 4405
1285 4452 4353 4478 4405 4421 4464
1286 4478 4353 4389 4421 4372 4434
1287 4452 4478 4542 4464 4511 4497
1288 4389 4353 4241 4372 4299 4320
1289 4478 4389 4529 4434 4462 4503
1290 4542 4478 4578 4511 4530 4560
1291 4542 4578 4624 4560 4599 4585
1292 4542 4624 4554 4585 4591 4546
1293 4542 4554 4452 4546 4505 4497
1294 679 692 619 685 653 649
1295 367 297 336 330 316 351
1296 2418 2338 2230 2376 2284 2322
1297 3942 3853 3762 3898 3805 3856
1298 2550 2562 2409 2555 2485 2482
1299 2203 2043 2185 2124 2117 2191
1300 1879 2058 1939 1966 1995 1908
1301 1646 1736 1799 1687 1765 1723
1302 1646 1799 1704 1723 1749 1671
1303 1646 1704 1543 1671 1623 1594
1304 1543 1704 1611 1623 1660 1578
1305 1646 1543 1490 1594 1517 1567
1306 1611 1704 1794 1660 1745 1697
1307 1543 1611 1461 1578 1532 1499
1308 1490 1543 1421 1517 1481 1460
1309 1646 1490 1573 1567 1531 1607
1310 1573 1490 1420 1531 1458 1491
1311 1420 1490 1318 1458 1404 1366
1312 2012 1834 1954 1918 1889 1980
1313 2012 1954 2166 1980 2064 2093
1314 2166 1954 2089 2064 2022 2128
1315 2012 2166 2311 2093 2239 2169
1316 2504 2434 2338 2467 2384 2421
1317 1317 1207 1187 1258 1196 1254
1318 474 480 545 477 511 509
1319 2045 1862 1828 1945 1844 1930
1320 2045 1828 1962 1930 1892 1998
1321 1872 1974 2069 1919 2020 1965
1322 929 1021 1051 975 1037 988
1323 929 1051 961 988 1005 943
1324 1177 1054 1064 1115 1059 1121
1325 2434 2604 2537 2519 2569 2488
1326 3543 3632 3421 3590 3525 3474
1327 3615 3440 3576 3528 3508 3596
1328 3576 3440 3406 3508 3425 3491
1329 3406 3440 3266 3425 3349 3336
1330 3576 3406 3542 3491 3470 3553
1331 3542 3406 3369 3470 3383 3453
1332 3369 3406 3227 3383 3314 3294
1333 3542 3369 3518 3453 3441 3527
1334 3518 3369 3345 3441 3355 3430
1335 3266 3440 3302 3349 3372 3287
1336 3406 3266 3227 3336 3248 3314
1337 3227 3266 3096 3248 3180 3159
1338 3096 3266 3136 3180 3203 3115
1339 3227 3096 3064 3159 3076 3143
1340 3369 3227 3202 3294 3211 3285
1341 3136 3266 3302 3203 3287 3218
1342 3136 3302 3183 3218 3243 3153
1343 3183 3302 3322 3243 3309 3254
1344 3183 3322 3189 3254 3257 3185
1345 3136 3183 3008 3153 3098 3072
1346 3322 3302 3464 3309 3380 3387
1347 3464 3302 3440 3380 3372 3450
1348 3183 3189 3002 3185 3100 3092
1349 3096 3136 2966 3115 3051 3029
1350 3064 3096 2919 3076 3010 2991
1351 3227 3064 3202 3143 3131 3211
1352 3202 3064 3033 3131 3049 3116
1353 3008 3183 3002 3098 3092 3004
1354 3008 3002 2850 3004 2923 2926
1355 2850 2910 2746 2884 2830 2806
1356 3008 2807 2966 2902 2887 2986
1357 3008 2966 3136 2986 3051 3072
1358 3096 2966 2919 3029 2943 3010
1359 3064 2919 2893 2991 2905 2977
1360 625 744 677 682 711 651
1361 625 677 591 651 635 607
1362 677 744 784 711 765 733
1363 719 730 819 724 773 771
1364 246 209 272 227 240 259
1365 297 335 272 315 303 283
1366 272 335 310 303 325 292
1367 297 272 235 283 250 266
1368 235 272 209 250 240 218
1369 297 235 268 266 249 280
1370 235 209 175 218 190 204
1371 175 209 153 190 180 163
1372 235 175 210 204 191 219
1373 2043 1869 2021 1952 1941 2031
1374 1903 2089 1954 1991 2022 1925
1375 3767 3712 3581 3744 3642 3673
1376 995 882 978 936 930 985
1377 978 882 867 930 876 923
1378 867 882 744 876 811 805
1379 978 867 968 923 916 972
1380 968 867 830 916 850 898
1381 978 968 1083 972 1023 1030
1382 1083 968 1071 1023 1017 1076
1383 730 652 677 690 668 704
1384 855 844 952 849 897 903
1385 3939 4010 3842 3976 3927 3890
1386 709 750 830 726 785 768
1387 2562 2704 2719 2633 2708 2638
1388 2562 2719 2570 2638 2645 2567
1389 3632 3742 3831 3683 3781 3731
1390 2892 2950 3061 2915 3001 2974
1391 2892 3061 2999 2974 3032 2942
1392 2999 3061 3178 3032 3119 3090
1393 2892 2999 2827 2942 2914 2857
1394 1893 2012 2164 1951 2091 2035
1395 1581 1466 1444 1522 1453 1513
1396 2554 2550 2404 2548 2477 2481
1397 2404 2550 2409 2477 2482 2405
1398 2404 2409 2261 2405 2336 2334
1399 2261 2409 2271 2336 2341 2268
1400 2404 2261 2267 2334 2262 2337
1401 2056 2203 2227 2132 2216 2142
1402 2227 2203 2360 2216 2283 2294
1403 2360 2203 2323 2283 2263 2342
1404 2323 2203 2185 2263 2191 2256
1405 2323 2185 2313 2256 2249 2317
1406 2313 2185 2160 2249 2175 2235
1407 2323 2313 2462 2317 2388 2392
1408 2160 2185 2021 2175 2107 2092
1409 2160 2021 2005 2092 2010 2088
1410 2005 2021 1851 2010 1933 1924
1411 2160 2125 2271 2139 2194 2215
1412 2160 2271 2313 2215 2291 2235
1413 2462 2313 2452 2388 2382 2455
1414 2323 2462 2495 2392 2476 2407
1415 2495 2462 2620 2476 2540 2558
1416 2313 2271 2452 2291 2361 2382
1417 2620 2462 2570 2540 2516 2598
1418 2570 2462 2452 2516 2455 2511
1419 2570 2452 2562 2511 2507 2567
1420 2562 2452 2409 2507 2431 2485
1421 2620 2570 2737 2598 2655 2682
1422 2737 2570 2719 2655 2645 2728
1423 2737 2719 2876 2728 2796 2810
1424 2737 2876 2893 2810 2883 2817
1425 2620 2737 2767 2682 2747 2691
1426 2495 2620 2654 2558 2640 2575
1427 2360 2323 2495 2342 2407 2427
1428 4018 3942 4130 3982 4030 4076
1429 4375 4257 4347 4316 4298 4360
1430 4347 4257 4224 4298 4235 4288
1431 1172 1177 1318 1175 1245 1241
1432 1331 1317 1444 1324 1380 1388
1433 1331 1444 1466 1388 1453 1396
1434 1444 1317 1436 1380 1376 1440
1435 1436 1317 1308 1376 1310 1373
1436 1444 1436 1574 1440 1505 1507
1437 1574 1436 1557 1505 1498 1566
1438 2042 2045 2173 2041 2108 2106
1439 905 929 819 914 870 858
1440 819 929 832 870 879 825
1441 819 832 719 825 776 771
1442 1209 1320 1358 1260 1340 1283
1443 1358 1320 1463 1340 1391 1412
1444 1209 1358 1281 1283 1323 1237
1445 1281 1358 1420 1323 1394 1348
1446 1209 1177 1064 1188 1121 1135
1447 1281 1420 1318 1348 1366 1295
1448 4272 4227 4352 4248 4293 4313
1449 2774 2892 2703 2831 2799 2738
1450 189 140 153 166 146 170
1451 153 140 94 146 115 122
1452 417 385 335 396 359 376
1453 2746 2722 2850 2731 2788 2806
1454 2850 2722 2807 2788 2754 2822
1455 2807 2722 2679 2754 2692 2736
1456 2807 2679 2769 2736 2725 2790
1457 2850 2807 3008 2822 2902 2926
1458 2769 2679 2654 2725 2661 2718
1459 2769 2654 2767 2718 2712 2768
1460 2807 2769 2966 2790 2874 2887
1461 2767 2654 2620 2712 2640 2691
1462 2769 2767 2919 2768 2843 2845
1463 2767 2737 2893 2747 2817 2826
1464 2767 2893 2919 2826 2905 2843
1465 1557 1436 1428 1498 1431 1493
1466 1702 1690 1828 1694 1762 1766
1467 3571 3461 3378 3517 3422 3473
1468 94 53 77 74 63 83
1469 4352 4390 4272 4373 4333 4313
1470 1207 1083 1187 1142 1134 1196
1471 1187 1083 1071 1134 1076 1130
1472 1187 1071 1186 1130 1128 1185
1473 1186 1071 1075 1128 1072 1131
1474 1187 1186 1308 1185 1247 1249
1475 1308 1186 1306 1247 1246 1305
1476 1075 1071 963 1072 1014 1016
1477 1186 1075 1195 1131 1133 1189
1478 1306 1186 1195 1246 1189 1252
1479 1306 1195 1321 1252 1257 1314
1480 1321 1195 1210 1257 1202 1263
1481 1306 1321 1438 1314 1378 1374
1482 1210 1195 1086 1202 1141 1144
1483 1321 1210 1333 1263 1272 1326
1484 1438 1321 1450 1378 1386 1443
1485 1306 1438 1428 1374 1432 1368
1486 1306 1428 1308 1368 1369 1305
1487 1308 1428 1436 1369 1431 1373
1488 1086 1195 1075 1141 1133 1079
1489 1086 1075 970 1079 1022 1026
1490 970 1075 963 1022 1016 966
1491 970 963 874 966 918 922
1492 1086 970 982 1026 976 1032
1493 874 963 830 918 896 853
1494 970 874 872 922 871 921
1495 982 970 872 976 921 927
1496 982 872 886 927 880 933
1497 886 872 781 880 827 834
1498 982 886 1000 933 944 990
1499 1086 982 1101 1032 1038 1093
1500 872 874 750 871 812 810
1501 1210 1086 1101 1144 1093 1154
1502 1210 1101 1224 1154 1162 1218
1503 1224 1101 1120 1162 1109 1173
1504 1210 1224 1333 1218 1280 1272
1505 1333 1224 1354 1280 1288 1343
1506 1354 1224 1251 1288 1234 1300
1507 1333 1354 1468 1343 1413 1400
1508 1120 1101 1000 1109 1049 1060
1509 1120 1000 1031 1060 1012 1073
1510 1000 1101 982 1049 1038 990
1511 1031 1000 911 1012 953 969
1512 1120 1031 1157 1073 1092 1139
1513 911 1000 886 953 944 899
1514 911 886 802 899 842 856
1515 802 886 781 842 834 792
1516 802 781 708 792 743 749
1517 911 802 829 856 816 869
1518 708 781 700 743 739 702
1519 700 781 750 739 770 725
1520 708 700 621 702 661 663
1521 621 700 656 661 676 640
1522 802 708 720 749 714 760
1523 1031 911 938 969 926 983
1524 1120 1157 1251 1139 1206 1183
1525 1251 1157 1285 1206 1220 1269
1526 1120 1251 1224 1183 1234 1173
1527 1285 1157 1190 1220 1170 1236
1528 1251 1285 1389 1269 1336 1319
1529 911 829 938 869 883 926
1530 938 829 861 883 845 901
1531 861 829 756 845 788 807
1532 938 861 980 901 920 955
1533 1157 1031 1063 1092 1045 1107
1534 829 802 720 816 760 775
1535 829 720 756 775 736 788
1536 756 720 655 736 687 706
1537 655 720 613 687 669 633
1538 756 655 691 706 672 721
1539 691 655 604 672 628 645
1540 756 691 793 721 740 774
1541 1468 1354 1494 1413 1423 1477
1542 1251 1389 1354 1319 1371 1300
1543 1354 1389 1494 1371 1441 1423
1544 1494 1389 1527 1441 1459 1512
1545 1527 1389 1419 1459 1402 1470
1546 1494 1527 1643 1512 1586 1570
1547 938 980 1063 955 1019 997
1548 1063 980 1104 1019 1039 1085
1549 1104 980 1025 1039 996 1062
1550 1063 1104 1190 1085 1150 1123
1551 1063 1190 1157 1123 1170 1107
1552 1190 1104 1235 1150 1169 1217
1553 1235 1104 1158 1169 1127 1197
1554 720 708 613 714 660 669
1555 1285 1190 1329 1236 1259 1302
1556 861 756 793 807 774 826
1557 861 793 906 826 848 881
1558 906 793 835 848 814 868
1559 861 906 980 881 939 920
1560 980 906 1025 939 962 996
1561 1025 906 950 962 928 986
1562 950 906 835 928 868 889
1563 950 835 885 889 860 919
1564 1025 950 1077 986 1010 1048
1565 885 835 791 860 815 837
1566 950 885 1008 919 946 979
1567 835 793 737 814 763 783
1568 1077 950 1008 1010 979 1042
1569 1025 1077 1158 1048 1112 1089
1570 1077 1008 1140 1042 1069 1106
1571 1190 1235 1329 1217 1282 1259
1572 1329 1235 1377 1282 1303 1350
1573 1377 1235 1287 1303 1266 1332
1574 1329 1377 1469 1350 1422 1398
1575 1333 1468 1450 1400 1462 1393
1576 1389 1285 1419 1336 1352 1402
1577 1419 1285 1329 1352 1302 1375
1578 1419 1329 1469 1375 1398 1446
1579 1321 1333 1450 1326 1393 1386
1580 1063 1031 938 1045 983 997
1581 604 655 576 628 615 585
1582 781 872 750 827 810 770
1583 885 791 817 837 803 851
1584 817 791 712 803 748 761
1585 885 817 932 851 873 909
1586 712 791 737 748 764 722
1587 885 932 1008 909 971 946
1588 1008 932 1056 971 993 1034
1589 1008 1056 1140 1034 1098 1069
1590 1140 1056 1192 1098 1122 1164
1591 1140 1192 1270 1164 1229 1208
1592 1270 1192 1334 1229 1265 1296
1593 1140 1270 1199 1208 1232 1166
1594 1270 1334 1409 1296 1370 1337
1595 1199 1270 1335 1232 1297 1267
1596 1140 1199 1077 1166 1136 1106
1597 1077 1199 1158 1136 1174 1112
1598 1158 1199 1287 1174 1239 1222
1599 1409 1334 1478 1370 1408 1445
1600 1270 1409 1335 1337 1372 1297
1601 1158 1287 1235 1222 1266 1197
1602 1409 1478 1553 1445 1518 1480
1603 737 791 835 764 815 783
1604 1199 1335 1287 1267 1311 1239
1605 1287 1335 1424 1311 1382 1355
1606 1424 1335 1474 1382 1406 1452
1607 1287 1424 1377 1355 1401 1332
1608 1474 1335 1409 1406 1372 1442
1609 1474 1409 1553 1442 1480 1514
1610 1424 1474 1575 1452 1524 1500
1611 1377 1424 1521 1401 1471 1447
1612 1474 1553 1627 1514 1591 1549
1613 1521 1424 1575 1471 1500 1545
1614 1377 1521 1469 1447 1492 1422
1615 1627 1553 1719 1591 1637 1670
1616 1474 1627 1575 1549 1598 1524
1617 1575 1627 1730 1598 1675 1655
1618 1730 1627 1789 1675 1708 1756
1619 1575 1730 1652 1655 1686 1612
1620 1789 1627 1719 1708 1670 1750
1621 1789 1719 1877 1750 1797 1830
1622 1877 1719 1805 1797 1764 1841
1623 1789 1877 1959 1830 1916 1870
1624 1730 1789 1895 1756 1840 1814
1625 1652 1730 1815 1686 1770 1734
1626 1575 1652 1521 1612 1584 1545
1627 1521 1652 1608 1584 1628 1558
1628 1608 1652 1767 1628 1707 1684
1629 1521 1608 1469 1558 1538 1492
1630 1469 1608 1564 1538 1588 1515
1631 1564 1608 1725 1588 1666 1640
1632 1469 1564 1419 1515 1489 1446
1633 1959 1877 2062 1916 1967 2009
1634 1789 1959 1895 1870 1923 1840
1635 1895 1959 2076 1923 2018 1982
1636 2076 1959 2141 2018 2054 2110
1637 1895 2076 1985 1982 2034 1938
1638 1419 1564 1527 1489 1544 1470
1639 1527 1564 1678 1544 1621 1599
1640 2076 2141 2246 2110 2193 2162
1641 1895 1985 1815 1938 1896 1854
1642 1815 1985 1932 1896 1957 1871
1643 2141 1959 2062 2054 2009 2103
1644 2141 2062 2234 2103 2148 2184
1645 2234 2062 2174 2148 2118 2202
1646 2141 2234 2308 2184 2272 2229
1647 1985 2076 2171 2034 2123 2080
1648 1767 1652 1815 1707 1734 1792
1649 1767 1815 1932 1792 1871 1846
1650 1767 1932 1850 1846 1888 1809
1651 1608 1767 1725 1684 1740 1666
1652 2308 2234 2395 2272 2315 2354
1653 2141 2308 2246 2229 2278 2193
1654 2246 2308 2408 2278 2359 2327
1655 2408 2308 2474 2359 2393 2441
1656 2246 2408 2329 2327 2367 2288
1657 1877 1805 1986 1841 1890 1928
1658 1767 1850 1725 1809 1785 1740
1659 1725 1850 1817 1785 1833 1768
1660 1817 1850 1987 1833 1915 1898
1661 1725 1817 1678 1768 1746 1698
1662 1678 1817 1787 1746 1804 1737
1663 1987 1850 2029 1915 1935 2002
1664 1817 1987 1944 1898 1963 1880
1665 1787 1817 1944 1804 1880 1865
1666 1678 1787 1643 1737 1714 1662
1667 1643 1787 1759 1714 1772 1699
1668 1787 1944 1912 1865 1929 1849
1669 1759 1787 1912 1772 1849 1836
1670 1759 1912 1885 1836 1899 1821
1671 1643 1759 1600 1699 1677 1622
1672 1678 1643 1527 1662 1586 1599
1673 1912 1944 2085 1929 2014 1994
1674 2246 2329 2171 2288 2251 2208
1675 2171 2329 2280 2251 2304 2224
1676 1885 1912 2060 1899 1988 1973
1677 1759 1885 1732 1821 1807 1742
1678 2408 2474 2577 2441 2527 2494
1679 1678 1564 1725 1621 1640 1698
1680 1850 1932 2029 1888 1976 1935
1681 2029 1932 2105 1976 2019 2068
1682 2105 1932 1985 2019 1957 2049
1683 2029 2105 2205 2068 2156 2120
1684 2105 1985 2171 2049 2080 2138
1685 2105 2171 2280 2138 2224 2192
1686 2205 2105 2280 2156 2192 2242
1687 2029 2205 2135 2120 2168 2082
1688 2205 2280 2373 2242 2325 2289
1689 2474 2308 2395 2393 2354 2437
1690 2474 2395 2565 2437 2479 2518
1691 2565 2395 2512 2479 2454 2535
1692 2474 2565 2648 2518 2603 2563
1693 2329 2408 2498 2367 2449 2417
1694 2648 2565 2734 2603 2650 2686
1695 2474 2648 2577 2563 2608 2527
1696 2577 2648 2743 2608 2690 2658
1697 2743 2648 2819 2690 2732 2784
1698 2577 2743 2666 2658 2706 2616
1699 2819 2648 2734 2732 2686 2773
1700 2819 2734 2906 2773 2820 2864
1701 2906 2734 2866 2820 2803 2890
1702 2819 2906 2992 2864 2949 2903
1703 2743 2819 2916 2784 2873 2832
1704 2666 2743 2837 2706 2794 2748
1705 2577 2666 2498 2616 2580 2536
1706 2498 2666 2607 2580 2637 2549
1707 1600 1759 1732 1677 1742 1667
1708 1643 1600 1494 1622 1546 1570
1709 1494 1600 1468 1546 1536 1477
1710 1468 1600 1589 1536 1595 1528
1711 1589 1600 1732 1595 1667 1661
1712 1468 1589 1450 1528 1519 1462
1713 1589 1732 1713 1661 1722 1656
1714 1713 1732 1866 1722 1798 1791
1715 1589 1713 1563 1656 1639 1579
1716 2992 2906 3084 2949 2994 3038
1717 2819 2992 2916 2903 2958 2873
1718 2916 2992 3099 2958 3046 3007
1719 3099 2992 3172 3046 3080 3132
1720 2916 3099 3017 3007 3054 2968
1721 2280 2329 2443 2304 2387 2362
1722 1719 1553 1638 1637 1597 1676
1723 1589 1563 1450 1579 1508 1519
1724 1450 1563 1438 1508 1501 1443
1725 1438 1563 1571 1501 1565 1503
1726 1571 1563 1706 1565 1632 1635
1727 1438 1571 1428 1503 1497 1432
1728 2916 3017 2837 2968 2920 2881
1729 2837 3017 2951 2920 2980 2897
1730 1713 1866 1852 1791 1860 1782
1731 3099 3172 3279 3132 3220 3187
1732 1866 1732 1885 1798 1807 1875
1733 1866 1885 2039 1875 1958 1947
1734 2039 1885 2060 1958 1973 2050
1735 1866 2039 2015 1947 2028 1936
1736 2039 2060 2201 2050 2134 2121
1737 1563 1713 1706 1639 1711 1632
1738 1706 1713 1852 1711 1782 1777
1739 1706 1852 1837 1777 1843 1769
1740 1837 1852 1997 1843 1921 1913
1741 1706 1837 1681 1769 1758 1691
1742 3172 2992 3084 3080 3038 3127
1743 3172 3084 3264 3127 3174 3217
1744 3264 3084 3222 3174 3148 3242
1745 3172 3264 3353 3217 3305 3265
1746 3017 3099 3196 3054 3140 3107
1747 3353 3264 3446 3305 3352 3399
1748 3172 3353 3279 3265 3311 3220
1749 3279 3353 3460 3311 3407 3367
1750 3460 3353 3544 3407 3445 3502
1751 3279 3460 3374 3367 3420 3327
1752 1730 1895 1815 1814 1854 1770
1753 2607 2666 2779 2637 2723 2689
1754 1681 1837 1818 1758 1826 1748
1755 3374 3460 3560 3420 3514 3467
1756 2373 2280 2443 2325 2362 2403
1757 1997 1852 2015 1921 1931 2003
1758 2015 1852 1866 1931 1860 1936
1759 3544 3353 3446 3445 3399 3497
1760 3544 3446 3637 3497 3545 3593
1761 3637 3446 3605 3545 3524 3621
1762 3544 3637 3811 3593 3722 3674
1763 2498 2607 2443 2549 2526 2469
1764 2498 2443 2329 2469 2387 2417
1765 2443 2607 2534 2526 2572 2492
1766 2534 2607 2707 2572 2657 2617
1767 2443 2534 2373 2492 2450 2403
1768 1706 1681 1571 1691 1624 1635
1769 1571 1681 1557 1624 1620 1560
1770 1557 1681 1701 1620 1689 1629
1771 1557 1701 1574 1629 1634 1566
1772 1574 1701 1718 1634 1710 1642
1773 3279 3374 3196 3327 3286 3231
1774 3196 3374 3300 3286 3341 3250
1775 2205 2373 2301 2289 2339 2254
1776 1837 1997 1983 1913 1990 1907
1777 3460 3544 3652 3502 3600 3551
1778 2062 1877 1986 1967 1928 2027
1779 1944 1987 2087 1963 2038 2016
1780 2837 2951 2779 2897 2869 2812
1781 2779 2951 2879 2869 2911 2824
1782 2837 2779 2666 2812 2723 2748
1783 2879 2951 3053 2911 2998 2967
1784 2779 2879 2707 2824 2793 2740
1785 2707 2879 2825 2793 2848 2766
1786 2076 2246 2171 2162 2208 2123
1787 2029 2135 1987 2082 2061 2002
1788 1987 2135 2087 2061 2109 2038
1789 2087 2135 2248 2109 2187 2170
1790 2135 2205 2301 2168 2254 2221
1791 2951 3017 3124 2980 3068 3036
1792 1553 1478 1638 1518 1554 1597
1793 1912 2085 2060 1994 2073 1988
1794 2015 2039 2222 2028 2131 2122
1795 2408 2577 2498 2494 2536 2449
1796 2201 2060 2226 2134 2143 2214
1797 2395 2234 2346 2315 2286 2366
1798 2085 1944 2087 2014 2016 2083
1799 2039 2201 2222 2121 2210 2131
1800 2734 2565 2684 2650 2619 2711
1801 2534 2707 2642 2617 2675 2588
1802 2879 3053 2985 2967 3021 2928
1803 2743 2916 2837 2832 2881 2794
1804 3053 2951 3124 2998 3036 3091
1805 2707 2825 2642 2766 2733 2675
1806 3300 3374 3492 3341 3433 3393
1807 2825 2879 2985 2848 2928 2904
1808 2825 2985 2936 2904 2965 2888
1809 2936 2985 3111 2965 3048 3024
1810 2825 2936 2764 2888 2847 2801
1811 3111 2985 3154 3048 3071 3134
1812 2936 3111 3065 3024 3086 2997
1813 2764 2936 2889 2847 2908 2821
1814 2825 2764 2642 2801 2701 2733
1815 2707 2607 2779 2657 2689 2740
1816 3196 3300 3124 3250 3214 3155
1817 3124 3300 3228 3214 3268 3177
1818 3196 3124 3017 3155 3068 3107
1819 3228 3300 3415 3268 3358 3321
1820 3124 3228 3053 3177 3138 3091
1821 3053 3228 3154 3138 3198 3109
1822 3053 3154 2985 3109 3071 3021
1823 3154 3228 3343 3198 3288 3252
1824 3343 3228 3415 3288 3321 3375
1825 3154 3343 3271 3252 3299 3212
1826 3084 2906 3043 2994 2973 3062
1827 1681 1818 1701 1748 1760 1689
1828 1701 1818 1851 1760 1835 1776
1829 3460 3652 3560 3551 3606 3514
1830 3446 3264 3414 3352 3338 3431
1831 3111 3154 3271 3134 3212 3193
1832 3111 3271 3221 3193 3246 3168
1833 3221 3271 3400 3246 3337 3307
1834 3111 3221 3065 3168 3139 3086
1835 3065 3221 3188 3139 3206 3121
1836 3188 3221 3359 3206 3291 3275
1837 3065 3188 3014 3121 3102 3035
1838 3400 3271 3449 3337 3360 3426
1839 3221 3400 3359 3307 3377 3291
1840 3359 3400 3541 3377 3468 3447
1841 3541 3400 3584 3468 3494 3555
1842 3359 3541 3499 3447 3521 3429
1843 3188 3359 3323 3275 3342 3256
1844 3014 3188 3137 3102 3160 3074
1845 3065 3014 2889 3035 2947 2972
1846 2889 3014 2840 2947 2921 2867
1847 3584 3400 3449 3494 3426 3519
1848 3584 3449 3668 3519 3554 3623
1849 3668 3449 3507 3554 3472 3586
1850 3584 3668 3817 3623 3746 3698
1851 3499 3541 3676 3521 3608 3591
1852 2840 3014 2978 2921 2993 2909
1853 3541 3584 3720 3555 3656 3630
1854 3359 3499 3323 3429 3410 3342
1855 3323 3499 3465 3410 3476 3388
1856 3465 3499 3639 3476 3569 3547
1857 3323 3465 3289 3388 3373 3298
1858 2889 2840 2721 2867 2783 2805
1859 3449 3271 3343 3360 3299 3392
1860 3449 3343 3507 3392 3423 3472
1861 3507 3343 3415 3423 3375 3456
1862 3507 3415 3654 3456 3531 3580
1863 3654 3415 3492 3531 3451 3570
1864 3507 3654 3723 3580 3687 3614
1865 3723 3654 3899 3687 3776 3816
1866 3507 3723 3668 3614 3694 3586
1867 3668 3723 3930 3694 3834 3799
1868 3188 3323 3137 3256 3230 3160
1869 3014 3137 2978 3074 3058 2993
1870 2978 3137 3110 3058 3122 3045
1871 3110 3137 3289 3122 3210 3201
1872 2978 3110 2941 3045 3027 2962
1873 2941 3110 3060 3027 3082 2996
1874 2978 2941 2813 2962 2877 2896
1875 3639 3499 3676 3569 3591 3660
1876 3639 3676 3825 3660 3754 3734
1877 3825 3676 3864 3754 3772 3844
1878 3639 3825 3786 3734 3801 3714
1879 2764 2889 2721 2821 2805 2739
1880 3584 3817 3720 3698 3769 3656
1881 3720 3817 4006 3769 3915 3870
1882 1837 1983 1818 1907 1897 1826
1883 2936 3065 2889 2997 2972 2908
1884 3374 3560 3492 3467 3526 3433
1885 3492 3560 3675 3526 3622 3587
1886 3675 3560 3846 3622 3709 3765
1887 3492 3675 3654 3587 3665 3570
1888 3289 3465 3457 3373 3459 3371
1889 3196 3099 3279 3140 3187 3231
1890 2301 2373 2468 2339 2422 2386
1891 3817 3668 3930 3746 3799 3868
1892 1983 1997 2151 1990 2077 2072
1893 3465 3639 3611 3547 3625 3536
1894 3652 3544 3811 3600 3674 3729
1895 3415 3300 3492 3358 3393 3451
1896 3323 3289 3137 3298 3210 3230
1897 2015 2222 2165 2122 2188 2094
1898 3676 3541 3720 3608 3630 3702
1899 3060 3110 3276 3082 3195 3167
1900 2534 2642 2468 2588 2553 2501
1901 2941 3060 2861 2996 2963 2900
1902 1094 1209 1064 1151 1135 1080
1903 1158 1104 1025 1127 1062 1089
1904 3611 3639 3786 3625 3714 3701
1905 3611 3786 3763 3701 3773 3682
1906 3763 3786 3926 3773 3861 3851
1907 3611 3763 3613 3682 3686 3612
1908 3926 3786 3980 3861 3884 3949
1909 3763 3926 3920 3851 3923 3848
1910 3613 3763 3755 3686 3758 3679
1911 3611 3613 3457 3612 3534 3532
1912 1071 968 963 1017 964 1014
1913 2201 2226 2355 2214 2292 2279
1914 540 569 625 558 599 581
1915 793 691 737 740 715 763
1916 737 691 646 715 670 689
1917 646 691 604 670 645 626
1918 646 604 560 626 580 602
1919 737 646 712 689 675 722
1920 560 604 503 580 554 529
1921 646 560 620 602 584 629
1922 503 604 576 554 585 539
1923 503 576 506 539 543 504
1924 560 503 472 529 487 519
1925 2721 2840 2681 2783 2760 2693
1926 3241 3303 3428 3277 3365 3335
1927 2862 2861 3022 2858 2939 2940
1928 3483 3480 3645 3481 3559 3562
1929 752 659 709 707 680 728
1930 752 709 830 728 768 789
1931 2999 3178 3147 3090 3165 3075
1932 3303 3421 3493 3362 3452 3394
1933 1308 1317 1187 1310 1254 1249
1934 4260 4120 4249 4192 4186 4253
1935 1574 1581 1444 1577 1513 1507
1936 506 458 429 483 444 467
1937 3170 3011 3022 3089 3016 3095
1938 3170 3022 3184 3095 3104 3175
1939 3184 3022 3060 3104 3039 3120
1940 3170 3184 3334 3175 3260 3253
1941 3334 3184 3357 3260 3270 3346
1942 3170 3334 3320 3253 3329 3245
1943 2561 2420 2543 2491 2484 2547
1944 643 630 754 638 688 694
1945 3157 3000 3163 3079 3081 3158
1946 2259 2042 2173 2152 2106 2218
1947 4714 4670 4641 4692 4656 4679
1948 3178 3061 3241 3119 3146 3207
1949 3649 3483 3645 3564 3562 3646
1950 318 278 248 296 262 282
1951 3786 3825 3980 3801 3906 3884
1952 3980 3825 4059 3906 3944 4015
1953 4720 4760 4784 4738 4771 4754
1954 4784 4760 4815 4771 4790 4800
1955 1341 1198 1313 1271 1256 1327
1956 3125 3241 3061 3186 3146 3094
1957 100 71 110 86 90 103
1958 4105 4264 4160 4191 4216 4139
1959 2862 2852 2702 2856 2780 2786
1960 830 867 752 850 808 789
1961 3289 3457 3276 3371 3363 3283
1962 3917 3842 4010 3878 3927 3962
1963 2410 2404 2267 2406 2337 2340
1964 2410 2267 2287 2340 2275 2350
1965 2287 2267 2165 2275 2219 2228
1966 2165 2267 2151 2219 2209 2158
1967 2287 2165 2222 2228 2188 2253
1968 2151 2267 2261 2209 2262 2207
1969 2287 2222 2420 2253 2319 2353
1970 2151 2261 2125 2207 2190 2137
1971 2287 2420 2410 2353 2414 2350
1972 2125 2261 2271 2190 2268 2194
1973 2151 2125 1983 2137 2055 2072
1974 1983 2125 2005 2055 2067 1992
1975 2005 2125 2160 2067 2139 2088
1976 1983 2005 1818 1992 1910 1897
1977 2978 2813 2840 2896 2823 2909
1978 2840 2813 2681 2823 2742 2760
1979 2681 2813 2652 2742 2730 2662
1980 2652 2813 2776 2730 2795 2717
1981 2681 2652 2521 2662 2585 2599
1982 2776 2813 2941 2795 2877 2859
1983 2776 2941 2861 2859 2900 2818
1984 2652 2776 2635 2717 2705 2644
1985 2521 2652 2510 2585 2579 2514
1986 2681 2521 2545 2599 2531 2610
1987 2635 2776 2861 2705 2818 2744
1988 2510 2652 2635 2579 2644 2574
1989 2545 2521 2379 2531 2444 2464
1990 2521 2510 2355 2514 2433 2438
1991 2355 2510 2402 2433 2456 2378
1992 2402 2510 2635 2456 2574 2520
1993 2355 2402 2201 2378 2303 2279
1994 2681 2545 2721 2610 2634 2693
1995 1081 1058 1198 1068 1124 1138
1996 3179 3033 3019 3108 3025 3101
1997 3961 3956 3808 3959 3883 3887
1998 3864 3676 3720 3772 3702 3791
1999 945 961 1064 951 1011 1003
2000 1064 961 1094 1011 1028 1080
2001 1147 1051 1021 1099 1037 1084
2002 2226 2060 2085 2143 2073 2155
2003 2704 2860 2719 2785 2789 2708
2004 76 113 84 93 97 78
2005 2892 2827 2703 2857 2763 2799
2006 4767 4751 4807 4759 4781 4789
2007 3465 3611 3457 3536 3532 3459
2008 4561 4650 4638 4607 4642 4600
2009 4638 4650 4745 4642 4701 4697
2010 3322 3503 3366 3413 3434 3344
2011 2688 2543 2635 2612 2590 2659
2012 2635 2543 2402 2590 2472 2520
2013 2402 2543 2420 2472 2484 2411
2014 2402 2420 2222 2411 2319 2312
2015 613 537 506 572 522 561
2016 3318 3163 3320 3236 3239 3319
2017 3320 3163 3170 3239 3166 3245
2018 784 905 819 841 858 801
2019 3831 3742 3917 3781 3836 3873
2020 3831 3917 4027 3873 3977 3932
2021 4027 3917 4160 3977 4042 4096
2022 3831 4027 3942 3932 3988 3881
2023 1784 1903 1954 1842 1925 1867
2024 1606 1631 1484 1618 1555 1542
2025 4237 4106 4263 4175 4190 4250
2026 4399 4282 4356 4343 4322 4380
2027 1543 1461 1421 1499 1439 1481
2028 381 410 336 395 369 357
2029 336 410 367 369 388 351
2030 381 336 306 357 322 342
2031 306 336 268 322 299 286
2032 381 306 356 342 328 363
2033 306 268 243 286 254 274
2034 356 306 288 328 295 321
2035 381 356 429 363 392 401
2036 381 429 458 401 444 419
2037 243 268 210 254 239 223
2038 210 268 235 239 249 219
2039 243 210 187 223 195 214
2040 187 210 154 195 182 168
2041 243 187 225 214 205 233
2042 154 210 175 182 191 165
2043 154 175 117 165 147 135
2044 117 175 153 147 163 134
2045 154 117 107 135 112 131
2046 107 117 77 112 96 92
2047 154 107 136 131 121 145
2048 117 153 94 134 122 108
2049 187 154 136 168 145 161
2050 187 136 172 161 155 181
2051 172 136 130 155 132 148
2052 187 172 225 181 198 205
2053 225 172 216 198 193 220
2054 216 172 177 193 171 196
2055 225 216 273 220 244 247
2056 216 177 237 196 206 224
2057 216 237 273 224 252 244
2058 130 136 95 132 114 111
2059 172 130 177 148 151 171
2060 225 273 288 247 275 256
2061 243 225 288 233 256 265
2062 243 288 306 265 295 274
2063 136 107 95 121 98 114
2064 95 107 72 98 88 81
2065 72 107 77 88 92 73
2066 72 77 42 73 58 54
2067 95 72 64 81 67 79
2068 42 77 53 58 63 47
2069 72 42 64 54 52 67
2070 95 64 85 79 75 91
2071 130 95 85 111 91 106
2072 2893 3033 3064 2964 3049 2977
2073 143 110 140 125 124 139
2074 140 110 94 124 99 115
2075 4249 4353 4362 4303 4357 4307
2076 1349 1219 1331 1284 1273 1338
2077 71 94 110 80 99 90
2078 1182 1094 1051 1137 1070 1117
2079 1051 1094 961 1070 1028 1005
2080 2827 2999 2946 2914 2975 2891
2081 4655 4597 4574 4629 4586 4616
2082 1509 1420 1358 1465 1394 1434
2083 961 846 832 902 839 895
2084 3808 3812 3645 3807 3727 3726
2085 3808 3645 3648 3726 3644 3728
2086 3645 3812 3649 3727 3730 3646
2087 3648 3645 3480 3644 3559 3561
2088 3808 3648 3822 3728 3736 3815
2089 3649 3812 3820 3730 3813 3732
2090 3648 3480 3488 3561 3482 3566
2091 3822 3648 3661 3736 3658 3745
2092 3808 3822 3961 3815 3896 3887
2093 3961 3822 3972 3896 3901 3968
2094 3972 3822 3806 3901 3814 3893
2095 3961 3972 4118 3968 4045 4039
2096 3806 3822 3661 3814 3745 3737
2097 3806 3661 3643 3737 3657 3725
2098 3643 3661 3505 3657 3582 3578
2099 3806 3643 3755 3725 3699 3778
2100 3755 3522 3613 3633 3563 3679
2101 3972 3806 3985 3893 3903 3979
2102 3961 4118 4106 4039 4114 4034
2103 3643 3505 3522 3578 3513 3583
2104 4118 3972 4102 4045 4037 4110
2105 3505 3661 3488 3582 3575 3496
2106 3505 3488 3334 3496 3411 3419
2107 3334 3488 3320 3411 3402 3329
2108 3505 3334 3357 3419 3346 3432
2109 3505 3357 3522 3432 3438 3513
2110 3522 3357 3276 3438 3312 3390
2111 3320 3488 3480 3402 3482 3398
2112 3320 3480 3318 3398 3395 3319
2113 3661 3648 3488 3658 3566 3575
2114 3643 3522 3755 3583 3633 3699
2115 3613 3522 3457 3563 3489 3534
2116 1083 1096 978 1087 1035 1030
2117 2654 2515 2495 2582 2506 2575
2118 744 752 867 746 808 805
2119 4241 4103 4237 4174 4172 4238
2120 4241 4237 4389 4238 4319 4320
2121 336 297 268 316 280 299
2122 492 448 410 468 426 449
2123 2089 2259 2255 2177 2257 2176
2124 1276 1414 1320 1345 1363 1293
2125 4386 4432 4330 4408 4383 4355
2126 4785 4779 4842 4782 4812 4816
2127 1461 1611 1529 1532 1568 1488
2128 4330 4160 4264 4255 4216 4294
2129 4650 4567 4666 4610 4619 4660
2130 3825 3864 4059 3844 3957 3944
2131 3011 2862 3022 2934 2940 3016
2132 1198 1211 1081 1205 1145 1138
2133 2604 2703 2537 2653 2615 2569
2134 2537 2703 2647 2615 2673 2593
2135 2647 2703 2827 2673 2763 2735
2136 2537 2647 2465 2593 2552 2500
2137 2465 2647 2581 2552 2609 2525
2138 2537 2465 2370 2500 2419 2453
2139 2581 2647 2750 2609 2695 2669
2140 2465 2581 2412 2525 2497 2440
2141 2370 2465 2259 2419 2363 2314
2142 2537 2370 2434 2453 2398 2488
2143 2434 2370 2250 2398 2307 2347
2144 2250 2370 2173 2307 2273 2212
2145 2434 2250 2338 2347 2295 2384
2146 3483 3486 3316 3484 3401 3396
2147 278 349 298 313 324 290
2148 278 298 234 290 267 257
2149 3724 3537 3659 3631 3601 3689
2150 2185 2043 2021 2117 2031 2107
2151 4160 4219 4027 4193 4131 4096
2152 30 44 26 37 35 27
2153 30 26 12 27 19 20
2154 12 26 15 19 21 13
2155 30 12 18 20 14 24
2156 18 12 6 14 7 11
2157 30 18 42 24 29 33
2158 621 613 708 616 660 663
2159 2861 2688 2635 2770 2659 2744
2160 3632 3831 3762 3731 3789 3696
2161 882 784 744 833 765 811
2162 968 830 963 898 896 964
2163 3421 3204 3356 3306 3282 3382
2164 1690 1529 1611 1609 1568 1653
2165 1690 1611 1794 1653 1697 1739
2166 1690 1794 1828 1739 1810 1762
2167 53 30 42 41 33 47
2168 2503 2418 2321 2458 2365 2413
2169 3276 3110 3289 3195 3201 3283
2170 1341 1313 1461 1327 1387 1399
2171 2946 2999 3147 2975 3075 3050
2172 3942 3762 3831 3856 3789 3881
2173 356 288 338 321 309 345
2174 338 288 273 309 275 304
2175 338 273 331 304 302 333
2176 331 273 300 302 285 317
2177 331 300 373 317 334 353
2178 331 373 400 353 387 364
2179 338 331 400 333 364 366
2180 400 373 454 387 413 425
2181 356 338 415 345 377 383
2182 415 338 400 377 366 407
2183 356 415 429 383 421 392
2184 2255 2259 2412 2257 2335 2331
2185 2412 2581 2571 2497 2576 2493
2186 576 655 613 615 633 595
2187 3920 3926 4098 3923 4014 4009
2188 4098 3926 4161 4014 4048 4136
2189 3920 4098 4085 4009 4091 4001
2190 4085 4098 4274 4091 4196 4184
2191 3920 4085 3985 4001 4033 3948
2192 3985 4167 4102 4080 4142 4047
2193 3303 3493 3428 3394 3455 3365
2194 2151 1997 2165 2077 2090 2158
2195 3241 3428 3364 3335 3389 3297
2196 3364 3428 3581 3389 3506 3469
2197 3241 3364 3178 3297 3272 3207
2198 4263 4106 4118 4190 4114 4194
2199 560 472 535 519 502 544
2200 1313 1198 1172 1256 1181 1238
2201 2271 2409 2452 2341 2431 2361
2202 2468 2373 2534 2422 2450 2501
2203 2045 2149 2250 2097 2199 2147
2204 2045 2250 2173 2147 2212 2108
2205 1172 1318 1313 1241 1315 1238
2206 3755 3763 3920 3758 3848 3841
2207 3357 3184 3276 3270 3223 3312
2208 4102 3972 3985 4037 3979 4047
2209 3581 3712 3529 3642 3620 3549
2210 3529 3712 3678 3620 3695 3604
2211 3581 3529 3364 3549 3443 3469
2212 3678 3712 3970 3695 3850 3835
2213 3529 3678 3466 3604 3573 3498
2214 3466 3678 3490 3573 3585 3471
2215 3529 3466 3347 3498 3403 3437
2216 3347 3466 3296 3403 3379 3324
2217 3529 3347 3364 3437 3351 3443
2218 3296 3466 3490 3379 3471 3391
2219 3490 3678 3692 3585 3684 3592
2220 3347 3296 3147 3324 3224 3249
2221 4237 4263 4365 4250 4310 4302
2222 4365 4263 4428 4310 4346 4395
2223 4237 4365 4389 4302 4377 4319
2224 4389 4480 4529 4436 4504 4462
2225 2750 2647 2827 2695 2735 2791
2226 26 46 31 36 38 28
2227 94 77 117 83 96 108
2228 3060 3276 3184 3167 3223 3120
2229 3147 3178 3347 3165 3263 3249
2230 3767 3581 3635 3673 3607 3706
2231 3635 3581 3428 3607 3506 3530
2232 3767 3635 3853 3706 3748 3810
2233 2355 2226 2379 2292 2302 2364
2234 2827 2946 2750 2891 2846 2791
2235 2465 2412 2259 2440 2335 2363
2236 819 730 784 773 758 801
2237 784 730 677 758 704 733
2238 1318 1177 1281 1245 1227 1295
2239 1281 1177 1209 1227 1188 1237
2240 506 429 503 467 464 504
2241 472 503 415 487 459 443
2242 3022 2861 3060 2939 2963 3039
2243 2379 2521 2355 2444 2438 2364
2244 2301 2468 2401 2386 2435 2352
2245 2401 2468 2573 2435 2522 2489
2246 2301 2248 2135 2277 2187 2221
2247 2573 2468 2642 2522 2553 2605
2248 2401 2573 2545 2489 2560 2473
2249 2545 2573 2721 2560 2646 2634
2250 2721 2573 2764 2646 2667 2739
2251 3926 3980 4161 3949 4071 4048
2252 3493 3421 3632 3452 3525 3557
2253 2581 2750 2765 2669 2756 2677
2254 2545 2379 2401 2464 2390 2473
2255 2401 2379 2248 2390 2316 2326
2256 2248 2379 2226 2316 2302 2236
2257 2401 2248 2301 2326 2277 2352
2258 2087 2248 2085 2170 2167 2083
2259 3762 3853 3635 3805 3748 3697
2260 1557 1428 1571 1493 1497 1560
2261 4118 4102 4254 4110 4180 4189
2262 4254 4167 4325 4215 4256 4287
2263 4118 4254 4263 4189 4259 4194
2264 2089 2255 2166 2176 2213 2128
2265 2015 2165 1997 2094 2090 2003
2266 3985 3806 3755 3903 3778 3872
2267 2005 1851 1818 1924 1835 1910
2268 2769 2919 2966 2845 2943 2874
2269 1100 1081 1211 1091 1145 1156
2270 874 830 750 853 785 812
2271 2234 2174 2346 2202 2258 2286
2272 2338 2250 2149 2295 2199 2244
2273 2946 3147 3156 3050 3150 3052
2274 3428 3493 3635 3455 3558 3530
2275 3755 3920 3985 3841 3948 3872
2276 4263 4254 4428 4259 4344 4346
2277 31 15 26 22 21 28
2278 5 1 6 2 3 4
2279 84 50 76 65 62 78
2280 15 5 12 9 8 13
2281 3864 3720 4006 3791 3870 3936
2282 234 174 212 203 192 222
2283 234 212 278 222 245 257
2284 4927 4924 4923 4926 4922 4925
2285 50 31 46 39 38 48
2286 2222 2201 2402 2210 2303 2312
2287 2259 2173 2370 2218 2273 2314
2288 3605 3798 3637 3705 3717 3621
2289 4915 4923 4906 4920 4917 4912
2290 4325 4378 4254 4349 4317 4287
2291 237 300 273 269 285 252
2292 3930 3966 3817 3947 3895 3868
2293 4707 4745 4650 4727 4701 4677
2294 51 85 64 66 75 59
2295 51 64 42 59 52 45
2296 3828 3846 3652 3837 3749 3741
2297 4529 4578 4478 4553 4530 4503
2298 535 620 560 575 584 544
2299 2866 3043 2906 2955 2973 2890
2300 4112 4161 3980 4140 4071 4046
2301 4842 4867 4838 4854 4853 4841
2302 16 32 18 23 25 17
2303 3798 3811 3637 3800 3722 3717
2304 3798 3605 3792 3705 3704 3793
2305 4428 4480 4365 4453 4423 4395
2306 2512 2684 2565 2600 2619 2535
2307 4006 4059 3864 4029 3957 3936
2308 127 177 130 152 151 128
2309 127 130 85 128 106 105
2310 3866 3899 3654 3879 3776 3764
2311 4624 4666 4554 4645 4615 4591
2312 3222 3414 3264 3313 3338 3242
2313 4220 4274 4098 4243 4196 4159
2314 4885 4903 4877 4895 4892 4882
2315 6 16 18 10 17 11
2316 4378 4428 4254 4400 4344 4317
2317 2346 2512 2395 2428 2454 2366
2318 3966 4006 3817 3992 3915 3895
2319 4745 4783 4719 4763 4752 4732
2320 1638 1805 1719 1724 1764 1676
2321 3846 3866 3675 3858 3774 3765
2322 620 712 646 664 675 629
2323 3043 3222 3084 3133 3148 3062
2324 4161 4220 4098 4195 4159 4136
2325 4867 4885 4838 4875 4864 4853
2326 32 51 42 40 45 34
2327 3811 3828 3652 3821 3741 3729
2328 3652 3846 3560 3749 3709 3606
2329 4480 4389 4365 4436 4377 4423
2330 454 535 472 495 502 461
2331 2684 2866 2734 2771 2803 2711
2332 4059 4112 3980 4083 4046 4015
2333 4814 4842 4779 4828 4812 4798
2334 1986 2174 2062 2084 2118 2027
2335 3899 3930 3723 3913 3834 3816
2336 4666 4707 4650 4687 4677 4660
2337 3414 3605 3446 3511 3524 3431
2338 4274 4325 4167 4297 4256 4223
2339 4167 4254 4102 4215 4180 4142
2340 4167 3985 4085 4080 4033 4132
2341 4167 4085 4274 4132 4184 4223
2342 2642 2764 2573 2701 2667 2605
2343 2166 2255 2356 2213 2306 2265
2344 2356 2255 2412 2306 2331 2383
2345 2166 2356 2311 2265 2332 2239
2346 2311 2356 2470 2332 2415 2391
2347 3917 4010 4160 3962 4088 4042
2348 2226 2085 2248 2155 2167 2236
2349 613 506 576 561 543 595
2350 1421 1461 1313 1439 1387 1365
2351 1421 1313 1318 1365 1315 1367
2352 1421 1318 1490 1367 1404 1460
2353 429 415 503 421 459 464
2354 1876 1922 2071 1900 1993 1969
2355 961 832 929 895 879 943
2356 3364 3347 3178 3351 3263 3272
2357 679 619 566 649 589 622
2358 3942 4027 4130 3988 4082 4030
2359 4130 4027 4219 4082 4131 4169
2360 3654 3675 3866 3665 3774 3764
2361 1673 1727 1876 1700 1803 1775
2362 3276 3457 3522 3363 3489 3390
2363 4924 4913 4923 4919 4918 4922
2364 3296 3490 3328 3391 3405 3308
2365 2750 2946 2960 2846 2952 2853
2366 3635 3493 3762 3558 3624 3697
2367 1824 1619 1673 1721 1648 1747
2368 400 454 472 425 461 437
2369 400 472 415 437 443 407
2370 2571 2470 2356 2523 2415 2463
2371 3865 3692 3905 3780 3796 3880
2372 3905 3692 3678 3796 3684 3790
2373 3328 3156 3296 3238 3229 3308
2374 3296 3156 3147 3229 3150 3224
2375 3632 3762 3493 3696 3624 3557
2376 1381 1309 1482 1342 1395 1427
2377 1341 1461 1529 1399 1488 1433
2378 1381 1482 1619 1427 1547 1496
2379 3156 2960 2946 3057 2952 3052
2380 2960 2765 2750 2863 2756 2853
2381 2164 2047 1893 2104 1964 2035
2382 1876 1824 1673 1848 1747 1775
2383 2765 2571 2581 2668 2576 2677
2384 2311 2164 2012 2238 2091 2169
2385 3970 3905 3678 3935 3790 3835
2386 12 5 6 8 4 7
2387 42 18 32 29 25 34
2388 2571 2356 2412 2463 2383 2493