   1               0               8               0
    2     0.294117647               8               0
    3               0      7.69230769               0
    4     0.441176471      7.74019238               0
    5     0.276313588      7.49660433               0
    6     0.588235294               8               0
    7               0      7.38461538               0
    8     0.570447752      7.49657677               0
    9     0.735294118      7.74019238               0
   10     0.339670721      7.23914934               0
   11     0.882352941               8               0
   12               0      7.07692308               0
   13     0.864595481      7.49652721               0
   14     0.259328123      6.99182841               0
   15     0.717477845      7.23674437               0
   16      1.02941176      7.74019238               0
   17     0.554127737      6.99075303               0
   18      1.17647059               8               0
   19               0      6.76923077               0
   20      1.15876739      7.49643922               0
   21      1.01160372      7.23667561               0
   22     0.849410571       6.9890071               0
   23      1.32352941      7.74019238               0
   24     0.331060209      6.63698401               0
   25      1.47058824               8               0
   26      1.30573879      7.23655475               0
   27       1.1454497      6.98633488               0
   28      1.45298177      7.49628545               0
   29               0      6.46153846               0
   30     0.703819309      6.62766222               0
   31      1.61764706      7.74019238               0
   32      1.01253974      6.64308022               0
   33     0.250977125      6.31552163               0
   34      1.76470588               8               0
   35      1.44258395      6.98261832               0
   36       1.5998932      7.23634633               0
   37     0.549169165      6.30235356               0
   38      1.29076741       6.7246893               0
   39      1.74726935      7.49602225               0
   40               0      6.15384615               0
   41     0.856214866      6.32612778               0
   42      1.91176471      7.74019238               0
   43     0.393347079      6.05318085               0
   44       1.7410901       6.9783544               0
   45      1.58812626      6.72070524               0
   46      1.89408811      7.23599591               0
   47      2.05882353               8               0
   48      1.21965504      6.34035643               0
   49     0.667343563      6.03327666               0
   50      2.04167992      7.49558425               0
   51      1.48306237         6.49039               0
   52               0      5.84615385               0
   53     0.218740146      5.81141026               0
   54     0.984762381      6.01003759               0
   55      2.20588235      7.74019238               0
   56      0.50974925      5.77860639               0
   57      1.88751448      6.71840273               0
   58      2.04072578      6.97590446               0
   59      1.73373168      6.46266704               0
   60       2.1883675      7.23542728               0
   61      2.35294118               8               0
   62     0.807527705      5.76862345               0
   63      2.33628998      7.49488408               0
   64      1.58303145      6.20353198               0
   65      1.36802374      5.99847538               0
   66               0      5.53846154               0
   67     0.310647915      5.52641699               0
   68             2.5      7.74019238               0
   69      2.18713713      6.71573703               0
   70       1.1645974       5.7369372               0
   71      2.03214387      6.46289951               0
   72      2.33482266      6.97518329               0
   73      0.65629652       5.5191925               0
   74      2.48282196      7.23455225               0
   75      1.88314016      6.20297573               0
   76      1.70256388      5.97883502               0
   77      2.64705882               8               0
   78     0.920818028      5.49982618               0
   79      2.63120696      7.49383235               0
   80      1.55353226      5.72115404               0
   81     0.479101571      5.28006202               0
   82               0      5.23076923               0
   83      2.32867573      6.46720991               0
   84      2.48676926      6.71693327               0
   85      2.79411765      7.74019238               0
   86       1.9511611      5.97094396               0
   87      2.63447773      6.97610585               0
   88     0.767111231      5.24296518               0
   89      1.31779783       5.4419138               0
   90      2.17951544      6.12066545               0
   91      2.77763652      7.23332002               0
   92      1.84408695      5.71695502               0
   93      2.94117647               8               0
   94       1.0643987      5.23717062               0
   95      2.92655616      7.49241697               0
   96     0.324905981      5.02549346               0
   97     0.622525115      5.02756365               0
   98      2.62421198      6.47090325               0
   99      1.72414603      5.48592946               0
  100      2.47969044      6.20926925               0
  101      2.78573815      6.71743399               0
  102               0      4.92307692               0
  103      1.28099875      5.18581964               0
  104      3.08823529      7.74019238               0
  105       2.9330716      6.97836253               0
  106      2.14182851      5.75067949               0
  107      0.91883233      4.98724242               0
  108      3.07318513      7.23187303               0
  109      1.57710616      5.22836658               0
  110      2.41486017      5.86880649               0
  111      2.02315212      5.47669882               0
  112      3.23529412               8               0
  113      1.17235996      4.96884612               0
  114     0.370470244      4.76528725               0
  115      3.22241188      7.49093784               0
  116      2.91893822      6.47303644               0
  117      2.77345551      6.21216903               0
  118     0.738851485      4.75207873               0
  119      3.08273685       6.7190962               0
  120      1.86314436      5.22393933               0
  121      2.66401739      5.95154921               0
  122      1.46821878      4.95249904               0
  123               0      4.61538462               0
  124      3.23051686      6.97944171               0
  125      3.38235294      7.74019238               0
  126      2.31575897      5.50799103               0
  127      1.01976183      4.70883929               0
  128      3.37022069      7.23097669               0
  129      1.75955396      5.00802536               0
  130     0.306787347      4.52301549               0
  131      2.15840478      5.25352461               0
  132      3.52941176               8               0
  133      1.31762713      4.71058827               0
  134      3.06390311      6.21163822               0
  135      3.51856872       7.4906305               0
  136      3.21451406      6.46982457               0
  137     0.600221781      4.49039787               0
  138      2.64987468      5.62158152               0
  139     0.895346192      4.51482428               0
  140      2.91862242        5.882943               0
  141      3.37867386      6.71944423               0
  142      1.59859461      4.75808502               0
  143      2.04559222      4.98991629               0
  144      3.52749599      6.97906156               0
  145      3.67647059      7.74019238               0
  146      2.45496264      5.24315932               0
  147               0      4.30769231               0
  148      1.17659819      4.45560195               0
  149      3.66241504      7.22786244               0
  150     0.440538213      4.25980762               0
  151      1.88697714      4.73943381               0
  152      2.28808355      4.99779148               0
  153      1.46568333      4.49216646               0
  154      3.20104782      5.94797987               0
  155      3.35240829      6.20374227               0
  156     0.734230354      4.25980762               0
  157      3.82352941               8               0
  158       3.5129906      6.45677967               0
  159      2.99719213      5.59409606               0
  160       3.8180175      7.48230918               0
  161      2.77396308      5.29400835               0
  162      3.65813885      6.71361745               0
  163       1.0279225      4.25980762               0
  164      1.76170558      4.51953279               0
  165      2.17208959      4.72177709               0
  166       3.8102949      6.96734303               0
  167      1.32161464      4.25980762               0
  168      3.97058824      7.74019238               0
  169      2.58635311      4.97436563               0
  170               0               4               0
  171     0.293692142               4               0
  172      3.30529065      5.69175385               0
  173      3.96066531      7.22643289               0
  174     0.587384283               4               0
  175      2.06020189      4.51229057               0
  176      3.50031593      5.94354153               0
  177      3.03316394      5.29901485               0
  178      1.61530678      4.25980762               0
  179      2.46744876      4.75806942               0
  180      3.66288641      6.19726888               0
  181     0.881076425               4               0
  182      3.81175148       6.4573723               0
  183      4.11764706               8               0
  184      4.11764706      7.48038476               0
  185      3.95703079      6.70686153               0
  186      2.92223196      5.03183271               0
  187      1.17476857               4               0
  188      3.25961872      5.38656362               0
  189      1.90899892      4.25980762               0
  190      2.35790257      4.48933848               0
  191      4.10650852      6.96468213               0
  192      2.76590156      4.77631335               0
  193      1.46846071               4               0
  194      4.26470588      7.74019238               0
  195      4.25919397      7.22250156               0
  196       3.8066345        5.936148               0
  197      2.18512269      4.24582337               0
  198      3.95509095      6.19462103               0
  199      3.55482095      5.49515725               0
  200      2.61576775      4.50863372               0
  201      1.76215285               4               0
  202      4.10890771      6.45137936               0
  203      3.23749878      5.01211075               0
  204      3.42974585      5.22724896               0
  205      4.41176471               8               0
  206      4.41176471      7.48038476               0
  207      3.06397416      4.76794166               0
  208      2.48082854      4.25021495               0
  209      2.05584499               4               0
  210      4.40492036      6.97071856               0
  211      4.32869426      6.68644861               0
  212      2.91322211      4.51705668               0
  213      4.55882353      7.74019238               0
  214      3.94711592       5.7026829               0
  215      4.22991045      6.20652456               0
  216      4.55882353      7.22057714               0
  217      2.34953713               4               0
  218      3.53592245      4.98251943               0
  219       3.7211769      5.20828987               0
  220      2.77897196      4.25980762               0
  221      3.36076629      4.73910075               0
  222      4.20161105      5.93186467               0
  223      4.70588235               8               0
  224       4.4222635      6.37467649               0
  225      3.18228437      4.50022512               0
  226      4.70588235      7.48038476               0
  227      3.99520077      5.40657867               0
  228      4.62964329      6.81654964               0
  229      2.64322928               4               0
  230       3.0373816      4.25478849               0
  231      4.46167902      6.08008125               0
  232      3.77149265      4.93546989               0
  233      4.85294118      7.74019238               0
  234      4.22757137      5.59621878               0
  235      3.60282216      4.70421892               0
  236      4.67158564      6.52027259               0
  237      4.85641337      7.26626496               0
  238      4.00183349      5.11900109               0
  239      2.91471465               4               0
  240      4.46115753      5.78273679               0
  241      3.27037741      4.22916135               0
  242               5               8               0
  243      4.69100921      6.26915161               0
  244      4.90189674      7.00145887               0
  245      3.53716297      4.44460366               0
  246      5.00551191      7.48230918               0
  247       4.2757022       5.3003788               0
  248      4.90618767      6.70225854               0
  249      3.16004855               4               0
  250      3.84975653      4.64597505               0
  251      4.06123413      4.85812409               0
  252      4.71415207      5.93896661               0
  253      3.47951758      4.20523854               0
  254      4.50724737      5.49070669               0
  255      5.15257073       7.7421168               0
  256      5.10995232      7.14659484               0
  257      4.95041233      6.41823009               0
  258      4.28485756      5.04624339               0
  259      3.38070627               4               0
  260      4.72709039       5.6883804               0
  261      5.16184326        6.853246               0
  262      3.66648895      4.18311507               0
  263      4.95121941      6.12148635               0
  264             5.3               8               0
  265      3.88529045      4.34979448               0
  266      5.15390693      6.55643965               0
  267       3.5783289               4               0
  268      5.33541675      7.40875801               0
  269      4.13771104      4.56850145               0
  270      3.83303919      4.16282233               0
  271      4.40206586       4.8298125               0
  272      4.99181476      5.82753139               0
  273      4.62896244      5.12614522               0
  274      4.79088117      5.39634924               0
  275      5.45183614      7.74211326               0
  276      5.38735298      7.03798966               0
  277      5.20190531      6.26072205               0
  278        3.754649               4               0
  279        3.980922       4.1443414               0
  280      5.40399863      6.74694366               0
  281      4.98167695      5.53144836               0
  282      5.21887707      6.01858165               0
  283      4.18240043      4.29477001               0
  284      3.91142938               4               0
  285             5.6               8               0
  286      5.60551095      7.50406412               0
  287        5.433494      6.44881153               0
  288      4.12362809       4.1109767               0
  289      4.52063527       4.5561924               0
  290      4.69752919      4.78946303               0
  291      5.63518225      7.20611821               0
  292      4.05041461               4               0
  293      5.23668642      5.68223995               0
  294      5.03641693      5.25186432               0
  295      4.22748582      4.11255969               0
  296      5.65505955      6.90730146               0
  297      4.17329439               4               0
  298       5.4825992      6.15961856               0
  299      4.40113034      4.22102398               0
  300      5.67634299       6.6221186               0
  301      4.33921003       4.0833424               0
  302      5.24142115      5.38320891               0
  303      5.85008463      7.67754829               0
  304      4.28167725               4               0
  305      5.47457978       5.8634788               0
  306             5.9               8               0
  307      5.87753908      7.37895276               0
  308      5.03699925      4.90434379               0
  309      4.59097778      4.27150428               0
  310      4.43399785      4.08356735               0
  311      4.37707315               4               0
  312      4.80387797       4.5226176               0
  313      5.69925412      6.32465255               0
  314      4.52460173      4.13854694               0
  315      4.72396375      4.37875476               0
  316      5.89790597      7.08197834               0
  317      4.50409281      4.05779627               0
  318      4.46088304               4               0
  319      5.51382797      5.56984187               0
  320      4.56658716      4.06686709               0
  321      5.27888385      5.08058863               0
  322      4.53439425               4               0
  323       4.6434367      4.12586719               0
  324      5.92478837      6.78404592               0
  325      5.72786842      5.99346779               0
  326      4.74239342      4.21255183               0
  327      4.85150655      4.34776935               0
  328      4.62694123      4.05849287               0
  329      4.95235616      4.45356183               0
  330      4.59878006               4               0
  331      5.07727688      4.60996423               0
  332      4.68370437      4.05432122               0
  333       4.6551024               4               0
  334      6.12564864      7.54734124               0
  335      4.74663133       4.0969497               0
  336      5.95668281      6.47705466               0
  337      5.74017948      5.76096503               0
  338      4.72579776      4.04461758               0
  339       4.7043168               4               0
  340      4.89662785      4.23454801               0
  341      4.96681643      4.31664705               0
  342       6.1469213      7.24824174               0
  343      4.76943593       4.0399981               0
  344             6.2               8               0
  345      4.84668745      4.13179796               0
  346      5.30809476      4.78273442               0
  347       5.0636892      4.41025877               0
  348      4.74727873               4               0
  349      4.81107645      4.06450326               0
  350      5.57949815      5.22400055               0
  351      5.96137564      6.18047128               0
  352      4.80286137      4.02680882               0
  353      4.78475078               4               0
  354       4.9280039      4.15581715               0
  355      4.83163347      4.02954273               0
  356      4.97813059      4.21066516               0
  357      4.86457836      4.05843052               0
  358      4.81741024               4               0
  359      4.90923453      4.09281027               0
  360      4.85823815      4.02571718               0
  361      4.84585671               4               0
  362      6.19298131      6.91979809               0
  363      4.88380773      4.02378768               0
  364      5.05994996       4.2467722               0
  365      4.95440197      4.10759048               0
  366      4.87061959               4               0
  367      4.98373165       4.1366417               0
  368      4.91378608      4.04226633               0
  369      4.90345904      4.01631205               0
  370      4.89216515               4               0
  371      5.03365375      4.17356483               0
  372      4.95570398      4.06485111               0
  373      4.91904837      4.01691804               0
  374      4.91090324               4               0
  375        4.943537      4.03191711               0
  376       4.9357262       4.0123219               0
  377      4.99667676      4.08880774               0
  378       4.9271935               4               0
  379      5.32481761      4.53513168               0
  380      4.94944201      4.01212351               0
  381      4.94135097               4               0
  382      4.97554515      4.03652905               0
  383      4.96291173       4.0200167               0
  384      4.95947483      4.00848536               0
  385      4.99674641      4.05403678               0
  386      4.95365132               4               0
  387       6.0076221      5.88747813               0
  388      6.21862281      6.62156543               0
  389      4.96897452      4.00963574               0
  390      5.05015036      4.10990166               0
  391      4.96433542               4               0
  392       4.9800265      4.01793758               0
  393       4.9942713      4.03008171               0
  394      4.97764146      4.00836615               0
  395      4.97361361               4               0
  396      4.98516587      4.00726262               0
  397      4.98166931               4               0
  398      5.03942328      4.06850445               0
  399      4.99504778      4.01223128               0
  400      4.99169734      4.00630373               0
  401      4.98866244               4               0
  402       5.1091576      4.15395463               0
  403      5.02019892      4.03642218               0
  404      4.99721431      4.00482326               0
  405      4.99473225               4               0
  406               5               4               0
  407      5.00459419      4.00558127               0
  408       5.0127859      4.01484617               0
  409               5      3.99463252               0
  410      5.00557433      3.99731626               0
  411               5      3.98822398               0
  412      5.01304481      4.00239279               0
  413      5.00550553      3.98961401               0
  414      5.04501899      4.03736948               0
  415               5      3.98057412               0
  416      5.85005812      5.36237088               0
  417      5.01364603      3.99375636               0
  418               5      3.97144488               0
  419      5.02401719      4.00134606               0
  420      5.03832713      4.01586789               0
  421      5.01256055      3.98349539               0
  422      5.00948106       3.9760095               0
  423               5      3.96055357               0
  424      5.02581008      3.98749598               0
  425      6.20987694      6.32253459               0
  426      5.20924957      4.22466831               0
  427      5.08030861      4.05113761               0
  428       5.3043509      4.35648716               0
  429      5.02092061      3.97352234               0
  430               5      3.94756485               0
  431      5.01064589      3.96029926               0
  432      5.04161596      3.99442762               0
  433      5.06146999      4.01392033               0
  434      5.12054706      4.08990838               0
  435               5      3.93208154               0
  436      5.03990361       3.9749395               0
  437      5.99150961      5.60487439               0
  438         5.01608       3.9398232               0
  439      5.03143031      3.95621783               0
  440      6.44925109      7.70881225               0
  441               5      3.91363398               0
  442      5.65202977      4.87079237               0
  443      5.06504444      3.98541906               0
  444               5      3.89166792               0
  445      5.01817772      3.91330518               0
  446      5.53181859      4.63402679               0
  447      5.04048112       3.9342021               0
  448      5.06055067      3.95452057               0
  449      6.45269398      7.40899423               0
  450       5.0985048       3.9993003               0
  451      5.18428706      4.10142391               0
  452               5      3.86553081               0
  453      5.14497881      4.04421642               0
  454      5.04353857      3.90312818               0
  455             6.5               8               0
  456      5.02714437      3.87859936               0
  457      5.09578263      3.96009533               0
  458               5      3.83445662               0
  459      5.07457299      3.92059896               0
  460      6.23056093      6.08313599               0
  461      6.45783488      7.10920052               0
  462      5.14685419      3.97961166               0
  463               5      3.79754909               0
  464      5.03062026      3.83381768               0
  465      5.06849678      3.86870392               0
  466      5.12003386      3.91247133               0
  467               5      3.75376396               0
  468      5.21679137      4.01397143               0
  469      6.46308799      6.79079192               0
  470      5.07322819      3.81622744               0
  471      5.04547251      3.77565652               0
  472      6.20846605      5.78668305               0
  473               5      3.70189039               0
  474      5.30499796       4.0818243               0
  475      5.12677231      3.84750664               0
  476      5.94076801      5.07720065               0
  477      5.43824345      4.22144028               0
  478      6.45419761      6.49163796               0
  479      5.20772427      3.89831147               0
  480      5.05107102      3.70059108               0
  481               5      3.64053281               0
  482      5.57060553        4.396741               0
  483      5.11491139      3.75793115               0
  484      5.31245637      3.95879451               0
  485               5      3.56809414               0
  486      6.15837102       5.3881439               0
  487      5.20087229      3.79212186               0
  488      5.12672834      3.67019207               0
  489      5.07523029      3.60431348               0
  490      6.48263812      6.20467927               0
  491       5.8035453      4.58473448               0
  492               5      3.48276259               0
  493      6.72613636      7.58516042               0
  494      6.71460345       7.2640314               0
  495      5.21290782       3.6983973               0
  496      5.31774294      3.80806659               0
  497      5.45797387      3.96488962               0
  498             6.8               8               0
  499      6.72096697      6.96437159               0
  500       6.4707334      5.90795118               0
  501      5.08388341      3.47999894               0
  502      5.17952116      3.58972735               0
  503               5      3.38250454               0
  504      6.01939861      4.78850379               0
  505      5.65673865      4.14372402               0
  506      6.71640461      6.63140929               0
  507      6.45325235      5.59773592               0
  508               5      3.26506711               0
  509      5.32810241      3.62331616               0
  510       6.6962831      6.33495751               0
  511       6.2204271      5.00940436               0
  512       5.1219632      3.32378583               0
  513       5.2551201      3.46228898               0
  514      5.90328575       4.3051644               0
  515      5.50416355      3.72063518               0
  516      6.96832458      7.71303648               0
  517               5      3.12799479               0
  518      6.97194507      7.41608815               0
  519      6.72779566       6.0370873               0
  520      6.09331506      4.52038335               0
  521      5.68081854      3.86657055               0
  522      6.47786202      5.26984931               0
  523      6.97680679       7.1205205               0
  524      5.14235477      3.19653095               0
  525       6.9658758      6.82127503               0
  526      6.73316369        5.790106               0
  527               5       2.9686656               0
  528      5.30534253      3.28790966               0
  529             7.1               8               0
  530      6.30682091      4.72349245               0
  531      5.50090579      3.48681059               0
  532      6.96555508      6.46558958               0
  533      5.92761114       4.0276354               0
  534      5.14523044       3.0084491               0
  535      6.71712319      5.49215443               0
  536      6.96933925      6.21183139               0
  537      6.13789609      4.23675883               0
  538      5.73602604      3.60717146               0
  539               5      2.78435273               0
  540      7.23209631      7.64325922               0
  541       7.2224266      7.25910765               0
  542      5.32670762      3.05875577               0
  543      6.59877535       4.9378785               0
  544      6.71922312      5.19377878               0
  545      5.96253844      3.79095414               0
  546      7.22946605      6.95980137               0
  547      7.00251301      5.92128929               0
  548      6.37226199      4.41891319               0
  549       7.2217165      6.66891066               0
  550      5.56716504      3.19674767               0
  551      6.98004978      5.62253602               0
  552               5      2.57231772               0
  553             7.4               8               0
  554      6.58949454      4.62367928               0
  555      7.22355222      6.36970555               0
  556      5.75873275      3.33912324               0
  557      6.20209885      3.94722407               0
  558      5.26116179      2.76944108               0
  559      6.97366992      5.34962891               0
  560      7.22549154      6.07075972               0
  561      7.48159314      7.70717483               0
  562      6.42364394      4.14823618               0
  563      7.48038476      7.40740741               0
  564       6.0129762      3.49730977               0
  565      7.48404237      7.11735993               0
  566      5.57274415      2.90303225               0
  567               5      2.32994043               0
  568      6.96303532      5.05087706               0
  569      7.23886155      5.77210673               0
  570      7.48159314      6.81828594               0
  571      6.22426541      3.65148599               0
  572      6.65320239      4.33202805               0
  573      7.48038476      6.51851852               0
  574      5.25171795      2.45112908               0
  575      6.92041614      4.76220184               0
  576      5.82971536       3.0548241               0
  577      7.24084159       5.4764451               0
  578      7.48159314      6.21875109               0
  579             7.7               8               0
  580       6.0237634      3.19976233               0
  581      6.47226301      3.81877401               0
  582      5.53173238      2.60805092               0
  583      7.22533006      5.19428985               0
  584      7.74019238      7.55555556               0
  585      7.48883475      5.93607553               0
  586               5      2.05488825               0
  587      7.74019238      7.25925926               0
  588      6.93007228      4.46963686               0
  589      6.70080186        4.037319               0
  590      6.27176431      3.36452395               0
  591      7.74019238      6.96296296               0
  592      5.79329637      2.75231337               0
  593      5.25980762      2.19241434               0
  594      7.48779666      5.63902712               0
  595      7.74019238      6.66666667               0
  596      7.21882176       4.8946249               0
  597      6.50433488      3.55043191               0
  598      6.93348589      4.22609909               0
  599      7.74019238      6.37037037               0
  600      5.51544349      2.32989158               0
  601      6.08221325      2.91913972               0
  602      7.48621915      5.34150109               0
  603      7.74019238      6.07407407               0
  604      7.22229761      4.59651442               0
  605      6.74627058      3.71543537               0
  606               5      1.76133279               0
  607      6.29153327      3.06573992               0
  608               8               8               0
  609               8       7.7037037               0
  610      5.78295123      2.45378305               0
  611               8      7.40740741               0
  612      7.48404237      5.04328586               0
  613      5.25980762      1.90811052               0
  614               8      7.11111111               0
  615      7.74019238      5.77777778               0
  616               8      6.81481481               0
  617      6.55027111      3.25453906               0
  618      6.96765942      3.88442733               0
  619      7.22118354      4.29695973               0
  620      6.08387857      2.62172774               0
  621      5.51068035      2.03233531               0
  622               8      6.51851852               0
  623      7.74019238      5.48148148               0
  624      7.48159314      4.74421187               0
  625      6.77169058      3.41829301               0
  626               8      6.22222222               0
  627      5.75838154      2.15608572               0
  628      6.33591512      2.77963351               0
  629               5      1.46777732               0
  630      7.74019238      5.18518519               0
  631      7.22476985      3.99742444               0
  632               8      5.92592593               0
  633      6.00764204      2.32086596               0
  634      5.25980762      1.61455505               0
  635      6.57046121      2.96251268               0
  636      7.48038476      4.44444444               0
  637      7.01784268      3.58900939               0
  638      5.50053308      1.73739588               0
  639      7.74019238      4.88888889               0
  640               8      5.62962963               0
  641      7.19668013      3.76130047               0
  642      6.81955505      3.12644565               0
  643      5.76526071       1.8759323               0
  644      6.34783506      2.48051467               0
  645      7.48159314      4.15161928               0
  646               8      5.33333333               0
  647      7.74019238      4.59259259               0
  648               5      1.17422186               0
  649      7.05200527      3.31441737               0
  650      6.02155045      2.02238667               0
  651      6.61294184       2.6661859               0
  652      5.25980762      1.32099959               0
  653      7.45793246      3.85982479               0
  654               8      5.03703704               0
  655      5.49826178       1.4445572               0
  656      6.27608832      2.17757076               0
  657       6.8378364      2.82745363               0
  658      7.74019238       4.2962963               0
  659      7.36416687      3.54490085               0
  660      5.75919723      1.58896149               0
  661               8      4.74074074               0
  662      6.53057555      2.32821721               0
  663      7.09914444      3.01841143               0
  664       6.0223083      1.72358447               0
  665               5     0.880666393               0
  666      7.74019238               4               0
  667      5.25980762      1.02744412               0
  668      6.79273902      2.48028052               0
  669               8      4.44444444               0
  670      6.27661486      1.87945778               0
  671      5.49856358       1.1520993               0
  672      7.39379724      3.21523917               0
  673      5.75822016      1.29859636               0
  674      7.74019238       3.7037037               0
  675      6.53615881      2.02897315               0
  676      7.12455764      2.72075745               0
  677               8      4.14814815               0
  678       6.0151121      1.45258407               0
  679               5     0.587110928               0
  680      6.79132769      2.18129376               0
  681       7.3670821      2.89518684               0
  682      5.25980762     0.733888661               0
  683      7.70639148      3.39829494               0
  684      6.27842627      1.58118771               0
  685               8      3.85185185               0
  686      5.49942962     0.859464575               0
  687      7.04917314      2.32653848               0
  688       6.5373234      1.73190054               0
  689      5.75880308      1.00655082               0
  690      6.01831872      1.15309216               0
  691      6.78572551        1.884172               0
  692               8      3.55555556               0
  693      7.74019238      3.11111111               0
  694      7.31109584      2.47214968               0
  695      6.26078792      1.28343412               0
  696               5     0.293555464               0
  697      7.48038476      2.66666667               0
  698      5.25980762     0.440333196               0
  699      7.04828805      2.02783512               0
  700      5.50021611     0.566554377               0
  701      6.52896006      1.41694734               0
  702      5.75962955     0.713707081               0
  703               8      3.25925926               0
  704       6.7620086      1.59377965               0
  705      7.74019238      2.81481481               0
  706      6.01630769     0.853589843               0
  707      7.35030374      2.14170232               0
  708      6.26256826     0.989424062               0
  709      7.03281249      1.71782724               0
  710               5               0               0
  711      7.71197756      2.53548174               0
  712               8      2.96296296               0
  713      6.52148095       1.1380023               0
  714       5.5007843     0.273413312               0
  715      7.28345629      1.87854495               0
  716      6.77180605      1.30140097               0
  717      6.01229345     0.555518375               0
  718      5.75456252     0.338313622               0
  719      7.67383231      2.25278361               0
  720             5.3               0               0
  721       7.0265692      1.45629144               0
  722               8      2.66666667               0
  723      6.27408463     0.701055499               0
  724      6.52792713     0.855607268               0
  725      7.28942447      1.58085908               0
  726        6.784444      1.00273382               0
  727             5.6               0               0
  728               8      2.37037037               0
  729      7.66961674      1.92292346               0
  730      6.00901422      0.25900221               0
  731      7.03415759      1.15684821               0
  732      7.55323653       1.6846269               0
  733      6.27044557     0.404387207               0
  734       6.5361169      0.55641921               0
  735      7.30084258      1.28597128               0
  736             5.9               0               0
  737               8      2.07407407               0
  738      6.78544736     0.703801095               0
  739      7.00779758     0.859961141               0
  740      7.80531611      1.65068565               0
  741      7.27515113     0.991714176               0
  742      7.65262147      1.38110531               0
  743             6.2               0               0
  744      6.53613207     0.256208392               0
  745               8      1.77777778               0
  746      7.53195968      1.14299588               0
  747      6.79647871     0.405694725               0
  748      7.04594261     0.569269979               0
  749      7.28446936     0.748418208               0
  750             6.5               0               0
  751               8      1.48148148               0
  752      7.53942752     0.880009526               0
  753      7.74019238      1.03703704               0
  754      7.04353097     0.285520038               0
  755      7.25410079     0.475730957               0
  756             6.8               0               0
  757               8      1.18518519               0
  758      7.53110737     0.583343451               0
  759      7.74019238     0.740740741               0
  760             7.1               0               0
  761               8     0.888888889               0
  762      7.39556164     0.255576984               0
  763      7.74019238     0.444444444               0
  764             7.4               0               0
  765               8     0.592592593               0
  766             7.7               0               0
  767               8     0.296296296               0
  768               8               0               0