1 862 853 835 857 859 845 848 861 855
2 852 863 856 834 858 860 849 844 854
3 853 841 808 835 847 826 822 845 836
4 840 852 834 809 846 844 825 827 837
5 841 819 771 808 831 800 789 826 814
6 819 805 748 771 816 777 758 800 785
7 805 795 735 748 799 766 744 777 769
8 795 786 730 735 788 760 731 766 763
9 786 794 743 730 787 768 737 760 764
10 794 804 750 743 798 778 747 768 770
11 804 818 776 750 815 801 767 778 790
12 818 840 809 776 830 827 791 801 817
13 843 857 835 806 850 848 820 828 838
14 856 842 807 834 851 829 821 849 839
15 824 843 806 761 832 828 784 797 813
16 842 823 759 807 833 796 783 829 812
17 793 824 761 720 810 797 740 751 773
18 823 792 717 759 811 749 739 796 772
19 757 793 720 675 775 751 694 716 734
20 792 756 676 717 774 718 693 749 733
21 722 757 675 628 742 716 655 682 695
22 756 723 631 676 741 687 656 718 697
23 633 542 550 639 582 546 590 634 586
24 6 1 5 9 2 3 8 7 4
25 543 632 640 547 581 635 589 544 585
26 542 467 476 550 503 470 508 546 505
27 16 6 9 22 11 7 15 19 13
28 466 543 547 472 502 544 507 468 504
29 467 402 409 476 433 405 442 470 436
30 35 16 22 39 23 19 30 37 28
31 5 17 21 9 10 18 14 8 12
32 401 466 472 406 434 468 438 403 435
33 402 334 340 409 367 337 375 405 370
34 58 35 39 64 45 37 52 60 47
35 17 34 38 21 24 36 29 18 27
36 333 401 406 338 366 403 373 336 369
37 334 272 280 340 303 276 309 337 305
38 88 58 64 94 72 60 78 92 75
39 34 57 63 38 44 59 51 36 46
40 271 333 338 277 302 336 308 273 304
41 272 215 223 280 242 219 250 276 247
42 123 88 94 133 106 92 111 127 108
43 57 87 93 63 71 90 76 59 74
44 214 271 277 222 241 273 249 217 243
45 215 166 174 223 191 170 199 219 194
46 166 123 133 174 144 127 152 170 148
47 87 122 130 93 105 125 109 90 107
48 165 214 222 173 190 217 196 168 193
49 122 165 173 130 143 168 151 125 147
50 692 722 628 597 710 682 614 649 662
51 723 691 601 631 709 650 615 687 663
52 651 639 550 560 645 590 553 603 596
53 640 652 558 547 646 600 552 589 595
54 670 692 597 572 685 649 580 617 626
55 652 670 572 558 659 617 562 600 609
56 691 669 575 601 686 620 584 650 629
57 669 651 560 575 660 603 564 620 610
58 809 834 807 755 825 821 780 782 803
59 776 809 755 719 791 782 736 746 765
60 750 776 719 701 767 746 712 725 738
61 743 750 701 689 747 725 690 713 721
62 730 743 689 668 737 713 677 703 708
63 735 730 668 665 731 703 666 702 699
64 748 735 665 688 744 702 674 715 711
65 771 748 688 714 758 715 696 745 727
66 835 808 754 806 822 781 779 820 802
67 808 771 714 754 789 745 732 781 762
68 807 759 698 755 783 728 724 780 752
69 759 717 643 698 739 681 671 728 706
70 717 676 591 643 693 627 613 681 658
71 761 806 754 700 784 779 726 729 753
72 720 761 700 644 740 729 672 684 707
73 550 476 484 560 508 481 522 553 515
74 476 409 420 484 442 413 453 481 446
75 676 631 554 591 656 594 568 627 611
76 675 720 644 588 694 684 612 625 657
77 409 340 355 420 375 345 388 413 382
78 340 280 289 355 309 285 321 345 315
79 472 547 558 482 507 552 518 477 514
80 628 675 588 551 655 625 565 587 608
81 406 472 482 418 438 477 450 410 444
82 558 572 497 482 562 530 488 518 526
83 572 597 521 497 580 559 506 530 541
84 597 628 551 521 614 587 529 559 571
85 22 9 21 31 15 14 25 26 20
86 39 22 31 50 30 26 41 43 33
87 64 39 50 73 52 43 62 67 54
88 94 64 73 103 78 67 85 98 83
89 133 94 103 141 111 98 121 135 117
90 174 133 141 183 152 135 162 179 157
91 280 223 233 289 250 229 261 285 256
92 223 174 183 233 199 179 208 229 202
93 631 601 524 554 615 561 534 594 573
94 601 575 498 524 584 532 510 561 548
95 575 560 484 498 564 522 491 532 527
96 338 406 418 351 373 410 384 343 377
97 277 338 351 287 308 343 317 283 312
98 222 277 287 232 249 283 259 226 252
99 173 222 232 182 196 226 206 178 200
100 130 173 182 138 151 178 160 134 153
101 93 130 138 101 109 134 120 97 115
102 63 93 101 70 76 97 84 66 82
103 38 63 70 49 51 66 61 42 53
104 21 38 49 31 29 42 40 25 32
105 754 714 648 700 732 683 673 726 705
106 719 755 698 637 736 724 667 680 704
107 701 719 637 654 712 680 647 679 678
108 689 701 654 618 690 679 636 653 664
109 714 688 598 648 696 642 621 683 661
110 688 665 576 598 674 619 583 642 624
111 668 689 618 592 677 653 606 623 641
112 665 668 592 576 666 623 579 619 622
113 644 700 648 569 672 673 607 605 638
114 588 644 569 513 612 605 538 549 574
115 418 482 497 430 450 488 461 424 454
116 497 521 452 430 506 483 440 461 473
117 351 418 430 362 384 424 398 358 389
118 287 351 362 301 317 358 330 293 326
119 498 484 420 432 491 453 425 464 458
120 551 588 513 479 565 549 493 511 528
121 521 551 479 452 529 511 462 483 496
122 524 498 432 457 510 464 447 490 480
123 420 355 372 432 388 360 404 425 394
124 355 289 310 372 321 299 339 360 329
125 289 233 253 310 261 240 282 299 269
126 233 183 201 253 208 192 227 240 213
127 183 141 158 201 162 150 180 192 169
128 141 103 119 158 121 112 137 150 129
129 103 73 91 119 85 81 104 112 96
130 31 49 65 50 40 55 56 41 48
131 73 50 65 91 62 56 79 81 69
132 49 70 89 65 61 80 77 55 68
133 232 287 301 248 259 293 274 236 263
134 70 101 118 89 84 110 102 80 95
135 101 138 154 118 120 146 136 110 128
136 182 232 248 198 206 236 221 186 211
137 138 182 198 154 160 186 176 146 164
138 554 524 457 486 534 490 469 519 499
139 591 554 486 523 568 519 500 557 531
140 643 591 523 567 613 557 545 604 577
141 698 643 567 637 671 604 602 667 630
142 654 637 563 618 647 599 593 636 616
143 592 618 563 520 606 593 539 555 570
144 576 592 520 478 579 555 495 525 535
145 598 576 478 516 583 525 494 556 536
146 648 598 516 569 621 556 540 607 578
147 457 432 372 395 447 404 386 426 415
148 372 310 335 395 339 322 361 386 352
149 310 253 278 335 282 262 306 322 291
150 253 201 228 278 227 212 251 262 235
151 201 158 181 228 180 167 203 212 188
152 158 119 142 181 137 132 161 167 149
153 362 430 452 387 398 440 419 376 408
154 301 362 387 323 330 376 356 313 342
155 119 91 113 142 104 100 126 132 116
156 91 65 89 113 79 77 99 100 86
157 248 301 323 265 274 313 295 257 284
158 198 248 265 216 221 257 239 207 230
159 154 198 216 177 176 207 197 163 184
160 118 154 177 140 136 163 159 131 145
161 89 118 140 113 102 131 124 99 114
162 637 567 509 563 602 537 533 599 566
163 567 523 463 509 545 492 487 537 517
164 486 457 395 427 469 426 412 456 443
165 523 486 427 463 500 456 448 492 475
166 513 569 516 431 538 540 474 471 501
167 452 479 411 387 462 445 396 419 429
168 479 513 431 411 493 471 423 445 455
169 427 395 335 371 412 361 353 399 383
170 335 278 316 371 306 297 344 353 324
171 278 228 264 316 251 246 288 297 268
172 228 181 210 264 203 195 234 246 218
173 142 113 140 171 126 124 155 156 139
174 181 142 171 210 161 156 189 195 175
175 140 177 204 171 159 187 185 155 172
176 463 427 371 416 448 399 392 439 421
177 509 463 416 460 487 439 437 485 459
178 563 509 460 520 533 485 489 539 512
179 323 387 411 347 356 396 380 332 363
180 265 323 347 294 295 332 319 281 307
181 216 265 294 245 239 281 267 231 255
182 177 216 245 204 197 231 225 187 209
183 478 520 460 422 495 489 441 449 465
184 411 431 368 347 423 400 359 380 390
185 431 516 478 385 474 494 428 407 451
186 294 347 368 327 319 359 349 311 331
187 245 294 327 279 267 311 300 260 286
188 416 371 316 365 392 344 341 391 364
189 478 422 378 385 449 397 381 428 414
190 460 416 365 422 437 391 393 441 417
191 368 431 385 327 400 407 357 349 379
192 316 264 328 365 288 298 348 341 318
193 210 171 204 237 189 185 220 224 205
194 264 210 237 270 234 224 254 266 244
195 204 245 279 237 225 260 258 220 238
196 422 365 328 378 393 348 354 397 374
197 328 264 270 314 298 266 290 320 292
198 270 237 279 314 254 258 296 290 275
199 279 327 385 314 300 357 346 296 325
200 314 385 378 328 346 381 354 320 350