1 1545 1552 1543 1550 1548 1544
2 1552 1563 1570 1559 1565 1561
3 1534 1545 1530 1540 1538 1531
4 1543 1552 1554 1548 1553 1549
5 1545 1543 1530 1544 1537 1538
6 1530 1543 1527 1537 1535 1529
7 1570 1563 1584 1565 1572 1575
8 1552 1570 1554 1561 1562 1553
9 1563 1574 1584 1567 1577 1572
10 1584 1574 1589 1577 1579 1586
11 1521 1534 1518 1525 1524 1519
12 1534 1530 1518 1531 1523 1524
13 1518 1530 1527 1523 1529 1522
14 1543 1554 1527 1549 1541 1535
15 1570 1584 1593 1575 1590 1582
16 1510 1521 1506 1516 1514 1507
17 1554 1570 1576 1562 1573 1564
18 1521 1518 1506 1519 1512 1514
19 1506 1518 1498 1512 1509 1502
20 1593 1584 1606 1590 1595 1601
21 1570 1593 1576 1582 1587 1573
22 1576 1593 1603 1587 1599 1591
23 1589 1602 1612 1594 1607 1600
24 1554 1576 1557 1564 1566 1556
25 1496 1510 1491 1503 1500 1493
26 1510 1506 1491 1507 1499 1500
27 1491 1506 1498 1499 1502 1494
28 1612 1602 1641 1607 1617 1623
29 1589 1606 1584 1598 1595 1586
30 1480 1496 1476 1490 1489 1477
31 1593 1606 1624 1601 1615 1609
32 1554 1557 1527 1556 1542 1541
33 1496 1491 1476 1493 1486 1489
34 1476 1491 1472 1486 1481 1474
35 1606 1589 1612 1598 1600 1608
36 1606 1612 1637 1608 1622 1619
37 1557 1576 1603 1566 1591 1578
38 1602 1616 1641 1610 1627 1617
39 1641 1616 1638 1627 1626 1640
40 1498 1518 1527 1509 1522 1513
41 1464 1480 1461 1473 1471 1463
42 1603 1593 1624 1599 1609 1613
43 1603 1624 1644 1613 1635 1620
44 1480 1476 1461 1477 1468 1471
45 1461 1476 1472 1468 1474 1465
46 1612 1641 1637 1623 1639 1622
47 1624 1606 1637 1615 1619 1632
48 1448 1464 1445 1458 1457 1447
49 1498 1527 1505 1513 1517 1501
50 1464 1461 1445 1463 1456 1457
51 1445 1461 1438 1456 1451 1442
52 1472 1491 1498 1481 1494 1485
53 1638 1658 1666 1648 1659 1654
54 1432 1448 1427 1439 1437 1428
55 1624 1637 1660 1632 1652 1645
56 1448 1445 1427 1447 1436 1437
57 1427 1445 1438 1436 1442 1433
58 1527 1557 1505 1542 1528 1517
59 1637 1641 1668 1639 1657 1656
60 1498 1505 1469 1501 1488 1484
61 1644 1624 1660 1635 1645 1653
62 1644 1660 1679 1653 1670 1661
63 1603 1644 1605 1620 1625 1604
64 1472 1498 1469 1485 1484 1470
65 1472 1469 1438 1470 1454 1455
66 1666 1658 1694 1659 1673 1678
67 1638 1666 1641 1654 1655 1640
68 1668 1641 1666 1657 1655 1667
69 1668 1666 1699 1667 1684 1685
70 1637 1668 1660 1656 1663 1652
71 1658 1671 1694 1662 1682 1673
72 1694 1671 1691 1682 1681 1693
73 1412 1432 1409 1425 1422 1410
74 1557 1603 1605 1578 1604 1583
75 1432 1427 1409 1428 1419 1422
76 1409 1427 1402 1419 1413 1406
77 1438 1461 1472 1451 1465 1455
78 1469 1505 1479 1488 1492 1475
79 1666 1694 1699 1678 1696 1684
80 1395 1412 1388 1404 1401 1392
81 1412 1409 1388 1410 1400 1401
82 1388 1409 1402 1400 1406 1397
83 1605 1644 1650 1625 1647 1629
84 1479 1505 1539 1492 1520 1508
85 1469 1479 1426 1475 1450 1443
86 1377 1395 1369 1387 1384 1375
87 1505 1557 1539 1528 1547 1520
88 1395 1388 1369 1392 1381 1384
89 1369 1388 1358 1381 1374 1365
90 1679 1660 1702 1670 1680 1690
91 1644 1679 1650 1661 1665 1647
92 1650 1679 1706 1665 1695 1676
93 1668 1699 1702 1685 1701 1689
94 1691 1714 1729 1703 1721 1710
95 1402 1427 1438 1413 1433 1420
96 1557 1605 1539 1583 1571 1547
97 1539 1605 1588 1571 1597 1560
98 1588 1605 1650 1597 1629 1618
99 1539 1588 1526 1560 1555 1533
100 1359 1377 1353 1366 1364 1356
101 1479 1539 1526 1508 1533 1504
102 1469 1426 1438 1443 1431 1454
103 1377 1369 1353 1375 1362 1364
104 1353 1369 1358 1362 1365 1355
105 1426 1479 1446 1450 1462 1435
106 1660 1668 1702 1663 1689 1680
107 1699 1694 1724 1696 1708 1713
108 1702 1699 1737 1701 1719 1722
109 1729 1714 1760 1721 1735 1739
110 1691 1729 1694 1710 1711 1693
111 1714 1734 1760 1725 1747 1735
112 1760 1734 1758 1747 1745 1759
113 1679 1702 1730 1690 1717 1707
114 1724 1694 1729 1708 1711 1727
115 1724 1729 1764 1727 1746 1742
116 1699 1724 1737 1713 1731 1719
117 1402 1438 1426 1420 1431 1411
118 1526 1588 1634 1555 1611 1580
119 1341 1359 1338 1349 1348 1340
120 1359 1353 1338 1356 1346 1348
121 1338 1353 1324 1346 1339 1332
122 1358 1388 1402 1374 1397 1378
123 1588 1650 1634 1618 1642 1611
124 1446 1479 1526 1462 1504 1483
125 1426 1446 1393 1435 1417 1407
126 1737 1724 1764 1731 1742 1749
127 1706 1679 1730 1695 1707 1718
128 1706 1730 1756 1718 1740 1732
129 1650 1706 1634 1676 1672 1642
130 1729 1760 1764 1739 1762 1746
131 1702 1737 1730 1722 1733 1717
132 1320 1341 1313 1331 1327 1316
133 1526 1634 1495 1580 1558 1511
134 1341 1338 1313 1340 1325 1327
135 1313 1338 1324 1325 1332 1319
136 1393 1446 1398 1417 1421 1396
137 1426 1367 1402 1394 1386 1411
138 1358 1402 1367 1378 1386 1363
139 1301 1320 1294 1310 1307 1298
140 1758 1779 1792 1769 1782 1776
141 1320 1313 1294 1316 1305 1307
142 1294 1313 1284 1305 1299 1289
143 1324 1353 1358 1339 1355 1344
144 1495 1634 1651 1558 1643 1568
145 1526 1495 1446 1511 1467 1483
146 1764 1760 1786 1762 1774 1778
147 1281 1301 1271 1292 1287 1277
148 1398 1446 1495 1421 1467 1440
149 1393 1398 1350 1396 1370 1368
150 1730 1737 1771 1733 1757 1751
151 1301 1294 1271 1298 1283 1287
152 1271 1294 1284 1283 1289 1278
153 1792 1779 1823 1782 1798 1805
154 1758 1792 1760 1776 1777 1759
155 1367 1426 1393 1394 1407 1382
156 1367 1393 1350 1382 1368 1360
157 1358 1367 1315 1363 1343 1335
158 1779 1796 1823 1787 1811 1798
159 1823 1796 1825 1811 1812 1824
160 1737 1764 1771 1749 1767 1757
161 1756 1730 1771 1740 1751 1766
162 1706 1756 1716 1732 1736 1709
163 1786 1760 1792 1774 1777 1788
164 1786 1792 1833 1788 1809 1808
165 1764 1786 1802 1778 1793 1781
166 1651 1634 1716 1643 1677 1687
167 1651 1716 1712 1687 1715 1683
168 1495 1651 1536 1568 1596 1515
169 1259 1281 1251 1268 1266 1255
170 1324 1358 1315 1344 1335 1321
171 1324 1315 1284 1321 1300 1304
172 1281 1271 1251 1277 1263 1266
173 1251 1271 1237 1263 1254 1245
174 1350 1398 1354 1370 1376 1351
175 1284 1313 1324 1299 1319 1304
176 1792 1823 1833 1805 1830 1809
177 1315 1367 1350 1343 1360 1333
178 1756 1771 1822 1766 1794 1791
179 1634 1706 1716 1672 1709 1677
180 1802 1786 1833 1793 1808 1816
181 1764 1802 1771 1781 1784 1767
182 1236 1259 1230 1249 1244 1232
183 1716 1756 1780 1736 1770 1753
184 1536 1651 1712 1596 1683 1646
185 1495 1536 1416 1515 1466 1452
186 1259 1251 1230 1255 1241 1244
187 1230 1251 1237 1241 1245 1233
188 1354 1398 1416 1376 1408 1383
189 1416 1398 1495 1408 1440 1452
190 1354 1416 1391 1383 1405 1371
191 1350 1354 1302 1351 1326 1323
192 1825 1848 1862 1837 1855 1844
193 1210 1236 1207 1226 1223 1209
194 1771 1802 1822 1784 1810 1794
195 1712 1716 1780 1715 1753 1750
196 1236 1230 1207 1232 1217 1223
197 1207 1230 1196 1217 1208 1202
198 1756 1822 1780 1791 1800 1770
199 1416 1536 1391 1466 1449 1405
200 1237 1271 1284 1254 1278 1260
201 1833 1823 1860 1830 1842 1847
202 1185 1210 1182 1201 1200 1183
203 1862 1848 1905 1855 1878 1882
204 1825 1862 1823 1844 1843 1824
205 1302 1354 1306 1326 1329 1303
206 1350 1302 1315 1323 1308 1333
207 1210 1207 1182 1209 1198 1200
208 1182 1207 1196 1198 1202 1188
209 1780 1822 1845 1800 1835 1814
210 1848 1873 1905 1859 1890 1878
211 1905 1873 1908 1890 1892 1907
212 1712 1780 1797 1750 1790 1765
213 1860 1823 1862 1842 1843 1861
214 1860 1862 1906 1861 1883 1881
215 1833 1860 1884 1847 1872 1857
216 1802 1833 1852 1816 1841 1832
217 1852 1833 1884 1841 1857 1866
218 1852 1884 1891 1866 1888 1868
219 1802 1852 1822 1832 1838 1810
220 1163 1185 1157 1175 1173 1158
221 1237 1284 1247 1260 1265 1242
222 1185 1182 1157 1183 1170 1173
223 1157 1182 1146 1170 1160 1152
224 1284 1315 1247 1300 1279 1265
225 1354 1391 1306 1371 1345 1329
226 1306 1391 1318 1345 1352 1312
227 1862 1905 1906 1882 1904 1883
228 1536 1712 1631 1646 1674 1585
229 1631 1712 1797 1674 1765 1738
230 1536 1631 1391 1585 1478 1449
231 1302 1306 1250 1303 1275 1272
232 1196 1230 1237 1208 1233 1213
233 1884 1860 1906 1872 1881 1896
234 1135 1163 1128 1151 1147 1132
235 1845 1822 1891 1835 1856 1865
236 1780 1845 1797 1814 1827 1790
237 1163 1157 1128 1158 1138 1147
238 1128 1157 1146 1138 1152 1134
239 1908 1937 1953 1916 1945 1927
240 1237 1247 1181 1242 1211 1206
241 1891 1884 1939 1888 1913 1914
242 1852 1891 1822 1868 1856 1838
243 1250 1306 1257 1275 1280 1253
244 1302 1250 1247 1272 1248 1270
245 1113 1135 1105 1124 1120 1106
246 1797 1845 1898 1827 1869 1853
247 1196 1237 1181 1213 1206 1187
248 1196 1181 1146 1187 1159 1166
249 1135 1128 1105 1132 1116 1120
250 1105 1128 1083 1116 1104 1092
251 1315 1302 1247 1308 1270 1279
252 1146 1182 1196 1160 1188 1166
253 1906 1905 1955 1904 1929 1930
254 1937 1967 1991 1951 1979 1961
255 1953 1937 1991 1945 1961 1970
256 1953 1991 2007 1970 2000 1981
257 1908 1953 1905 1927 1926 1907
258 1085 1113 1071 1097 1091 1078
259 1181 1247 1199 1211 1220 1189
260 1318 1391 1631 1352 1478 1414
261 1306 1318 1257 1312 1286 1280
262 1257 1318 1264 1286 1291 1262
263 1113 1105 1071 1106 1089 1091
264 1071 1105 1083 1089 1092 1076
265 1250 1257 1186 1253 1221 1215
266 1955 1905 1953 1929 1926 1954
267 1955 1953 2007 1954 1981 1984
268 1906 1955 1939 1930 1947 1919
269 1906 1939 1884 1919 1913 1896
270 1891 1939 1965 1914 1950 1928
271 1057 1085 1038 1069 1063 1050
272 1991 1967 2038 1979 2001 2013
273 1967 2006 2038 1992 2023 2001
274 2038 2006 2055 2023 2031 2046
275 1898 1891 1965 1895 1928 1934
276 1797 1898 1818 1853 1858 1806
277 1631 1797 1818 1738 1806 1752
278 1085 1071 1038 1078 1055 1063
279 1038 1071 1016 1055 1042 1027
280 1199 1247 1250 1220 1248 1222
281 1199 1250 1186 1222 1215 1193
282 1199 1186 1109 1193 1148 1150
283 1181 1199 1109 1189 1150 1141
284 1083 1128 1146 1104 1134 1114
285 1186 1257 1264 1221 1262 1224
286 1955 2018 1939 1987 1977 1947
287 1023 1057 1002 1040 1031 1015
288 1057 1038 1002 1050 1022 1031
289 1002 1038 1016 1022 1027 1010
290 1845 1891 1898 1865 1895 1869
291 1965 1939 2018 1950 1977 1993
292 2007 1991 2068 2000 2028 2041
293 1991 2038 2068 2013 2051 2028
294 2068 2038 2121 2051 2076 2093
295 990 1023 968 1006 995 978
296 1818 1898 1917 1858 1910 1871
297 1264 1318 1459 1291 1372 1334
298 1023 1002 968 1015 987 995
299 968 1002 934 987 970 951
300 2055 2105 2121 2079 2109 2088
301 1083 1146 1109 1114 1126 1094
302 955 990 923 973 959 939
303 1016 1071 1083 1042 1076 1052
304 2018 1955 2007 1987 1984 2014
305 1965 2018 2054 1993 2039 2010
306 1146 1181 1109 1159 1141 1126
307 990 968 923 978 947 959
308 923 968 934 947 951 929
309 2007 2068 2097 2041 2083 2052
310 1917 1898 1985 1910 1944 1952
311 1818 1917 1826 1871 1876 1820
312 915 955 882 935 918 899
313 2105 2167 2193 2136 2181 2148
314 1631 1818 1636 1752 1754 1633
315 1636 1818 1826 1754 1820 1761
316 1631 1636 1318 1633 1415 1414
317 1318 1636 1459 1415 1532 1372
318 1459 1636 1826 1532 1761 1720
319 1264 1459 1317 1334 1373 1290
320 955 923 882 939 903 918
321 882 923 859 903 892 869
322 2121 2038 2055 2076 2046 2088
323 2068 2121 2163 2093 2139 2117
324 2054 2018 2116 2039 2067 2086
325 1965 2054 1985 2010 2020 1975
326 1985 2054 2077 2020 2065 2032
327 1965 1985 1898 1975 1944 1934
328 1109 1186 1111 1148 1149 1110
329 1016 1083 1026 1052 1054 1018
330 875 915 841 895 877 857
331 2167 2239 2262 2201 2250 2213
332 934 1002 1016 970 1010 975
333 2097 2068 2163 2083 2117 2130
334 2007 2097 2018 2052 2057 2014
335 1917 1985 2025 1952 2002 1972
336 1826 1917 1963 1876 1943 1900
337 2193 2167 2262 2181 2213 2227
338 2193 2262 2291 2227 2276 2241
339 2105 2193 2121 2148 2157 2109
340 915 882 841 899 861 877
341 841 882 810 861 845 825
342 859 923 934 892 929 896
343 882 859 810 869 830 845
344 810 859 787 830 823 795
345 1317 1459 1698 1373 1581 1441
346 1264 1317 1180 1290 1243 1219
347 841 810 764 825 786 801
348 2163 2121 2223 2139 2170 2191
349 2291 2262 2369 2276 2313 2331
350 2193 2291 2223 2241 2258 2206
351 2223 2291 2329 2258 2309 2273
352 2077 2054 2150 2065 2100 2114
353 1985 2077 2025 2032 2050 2002
354 2025 2077 2118 2050 2096 2071
355 2118 2077 2176 2096 2128 2146
356 2025 2118 2047 2071 2080 2035
357 1026 1083 1109 1054 1094 1066
358 1016 1026 958 1018 991 985
359 787 859 846 823 849 819
360 810 787 732 795 761 772
361 1111 1186 1264 1149 1224 1176
362 1109 1111 1039 1110 1074 1073
363 875 841 796 857 821 833
364 2239 2320 2342 2281 2332 2289
365 2401 2473 2486 2439 2479 2445
366 2536 2594 2602 2568 2599 2569
367 2655 2711 2745 2682 2727 2701
368 2320 2401 2418 2364 2410 2372
369 2473 2536 2547 2506 2541 2511
370 2594 2655 2659 2625 2657 2628
371 655 660 557 658 608 605
372 710 734 643 723 693 678
373 832 875 796 856 833 815
374 832 796 757 815 777 793
375 670 689 594 679 641 631
376 766 797 718 783 759 741
377 660 670 579 665 623 619
378 689 710 617 699 664 651
379 734 766 682 750 726 709
380 797 832 757 817 793 778
381 797 757 718 778 737 759
382 718 757 673 737 717 697
383 2262 2239 2342 2250 2289 2300
384 2262 2342 2369 2300 2354 2313
385 2369 2342 2435 2354 2391 2402
386 2097 2163 2195 2130 2178 2144
387 927 851 891 887 871 910
388 285 227 256 255 241 271
389 5 1 6 2 3 4
390 597 506 553 551 532 576
391 92 62 79 77 69 86
392 776 695 738 736 714 755
393 425 350 390 387 367 405
394 173 127 154 151 139 162
395 35 17 30 25 22 31
396 851 776 816 814 792 829
397 506 425 469 463 445 489
398 227 173 202 198 185 212
399 62 35 51 48 42 55
400 695 597 648 645 621 671
401 350 285 318 316 301 331
402 127 92 111 109 102 120
403 17 5 12 10 8 14
404 673 757 728 717 743 703
405 718 673 622 697 646 672
406 1917 2025 1963 1972 1997 1943
407 1963 2025 2047 1997 2035 2003
408 1963 2047 1983 2003 2016 1971
409 1983 2047 2084 2016 2063 2034
410 1963 1983 1870 1971 1932 1918
411 1826 1963 1870 1900 1918 1849
412 1826 1870 1698 1849 1804 1775
413 1826 1698 1459 1775 1581 1720
414 1698 1870 1675 1804 1799 1688
415 1675 1870 1911 1799 1894 1831
416 1698 1675 1317 1688 1430 1441
417 2329 2291 2397 2309 2347 2363
418 2223 2329 2257 2273 2294 2240
419 757 796 728 777 763 743
420 728 796 764 763 782 746
421 728 764 683 746 725 704
422 764 796 841 782 821 801
423 683 764 732 725 748 706
424 728 683 634 704 656 684
425 2435 2342 2418 2391 2381 2426
426 2435 2418 2499 2426 2461 2468
427 2418 2342 2320 2381 2332 2372
428 2499 2418 2486 2461 2452 2491
429 2499 2486 2557 2491 2523 2530
430 2435 2499 2516 2468 2509 2476
431 2486 2418 2401 2452 2410 2445
432 2557 2486 2547 2523 2515 2553
433 2557 2547 2613 2553 2580 2586
434 2499 2557 2570 2530 2563 2534
435 2547 2486 2473 2515 2479 2511
436 2613 2547 2602 2580 2573 2607
437 2613 2602 2669 2607 2636 2639
438 2557 2613 2623 2586 2617 2591
439 2602 2547 2536 2573 2541 2569
440 2669 2602 2659 2636 2632 2665
441 2669 2659 2722 2665 2691 2692
442 2613 2669 2676 2639 2672 2645
443 2659 2602 2594 2632 2599 2628
444 2722 2659 2745 2691 2705 2735
445 2669 2722 2741 2692 2732 2706
446 2369 2435 2457 2402 2447 2416
447 2920 2917 2916 2919 2915 2918
448 2780 2749 2713 2766 2731 2750
449 2522 2494 2438 2508 2466 2483
450 2344 2333 2242 2337 2287 2293
451 2881 2861 2832 2871 2847 2858
452 2646 2612 2574 2630 2592 2610
453 2414 2394 2312 2403 2355 2367
454 2909 2898 2892 2904 2894 2901
455 2714 2679 2647 2696 2664 2680
456 2465 2440 2375 2454 2408 2422
457 2326 2323 2214 2324 2268 2270
458 2836 2807 2781 2821 2796 2809
459 2581 2552 2507 2566 2529 2545
460 2373 2356 2271 2365 2311 2319
461 2917 2909 2906 2914 2907 2912
462 2749 2714 2685 2733 2700 2718
463 2494 2465 2407 2480 2434 2451
464 2333 2326 2234 2328 2277 2282
465 2861 2836 2825 2849 2829 2843
466 2612 2581 2540 2596 2560 2577
467 2394 2373 2290 2384 2335 2345
468 2898 2881 2870 2891 2876 2884
469 2679 2646 2604 2662 2624 2641
470 2440 2414 2346 2425 2379 2396
471 2807 2780 2742 2794 2762 2777
472 2552 2522 2472 2533 2497 2513
473 2356 2344 2254 2349 2297 2305
474 2176 2077 2150 2128 2114 2162
475 2176 2150 2248 2162 2198 2212
476 2248 2150 2215 2198 2184 2232
477 2176 2248 2279 2212 2264 2226
478 2118 2176 2216 2146 2196 2166
479 2047 2118 2142 2080 2129 2095
480 2084 2047 2142 2063 2095 2111
481 2084 2142 2179 2111 2159 2131
482 2179 2142 2244 2159 2190 2209
483 2084 2179 2113 2131 2145 2098
484 1870 1983 1911 1932 1948 1894
485 1911 1983 2015 1948 1998 1964
486 2015 1983 2084 1998 2034 2049
487 1911 2015 1941 1964 1976 1923
488 1675 1911 1815 1831 1864 1763
489 1180 1317 1231 1243 1269 1204
490 1264 1180 1111 1219 1143 1176
491 764 810 732 786 772 748
492 2291 2369 2397 2331 2382 2347
493 2397 2369 2457 2382 2416 2428
494 2397 2457 2481 2428 2469 2441
495 2481 2457 2535 2469 2498 2510
496 2397 2481 2417 2441 2448 2405
497 634 683 583 656 630 610
498 728 634 673 684 653 703
499 673 634 580 653 606 624
500 580 634 542 606 585 560
501 673 580 622 624 599 646
502 622 580 535 599 555 577
503 535 580 492 555 537 510
504 622 535 589 577 566 607
505 542 634 583 585 610 565
506 542 583 500 565 540 521
507 500 583 556 540 571 529
508 542 500 456 521 475 498
509 580 542 492 560 515 537
510 492 542 456 515 498 472
511 492 456 415 472 434 453
512 415 456 377 434 416 394
513 492 415 464 453 436 479
514 377 456 424 416 437 400
515 415 377 335 394 354 373
516 464 415 389 436 399 426
517 492 464 535 479 501 510
518 535 464 511 501 490 523
519 511 464 430 490 448 470
520 535 511 589 523 548 566
521 589 511 572 548 541 578
522 572 511 484 541 499 528
523 589 572 643 578 609 618
524 643 572 617 609 592 628
525 617 572 530 592 546 573
526 589 643 682 618 661 636
527 589 682 622 636 650 607
528 643 617 710 628 664 678
529 530 572 484 546 528 504
530 530 484 454 504 466 491
531 454 484 402 466 442 427
532 530 454 518 491 482 524
533 617 530 594 573 562 602
534 682 643 734 661 693 709
535 617 594 689 602 641 651
536 402 484 430 442 457 417
537 402 430 356 417 391 380
538 356 430 389 391 410 370
539 356 389 335 370 360 343
540 389 430 464 410 448 426
541 402 356 330 380 341 365
542 454 402 374 427 388 414
543 518 454 432 482 438 473
544 530 518 594 524 554 562
545 594 518 579 554 545 586
546 579 518 497 545 505 539
547 594 579 670 586 623 631
548 497 518 432 505 473 462
549 497 432 465 462 449 481
550 579 497 557 539 527 568
551 511 430 484 470 457 499
552 556 583 649 571 615 600
553 500 556 471 529 512 483
554 456 500 424 475 461 437
555 424 500 471 461 483 450
556 424 471 393 450 431 407
557 330 356 289 341 321 308
558 402 330 374 365 352 388
559 374 330 309 352 320 339
560 309 330 268 320 300 288
561 374 309 364 339 333 366
562 2215 2150 2116 2184 2134 2165
563 2279 2248 2357 2264 2302 2314
564 268 330 289 300 308 277
565 268 289 229 277 258 249
566 229 289 265 258 275 245
567 268 229 210 249 222 239
568 364 309 311 333 306 334
569 2248 2215 2322 2232 2267 2286
570 2176 2279 2216 2226 2247 2196
571 2216 2279 2316 2247 2298 2266
572 2316 2279 2386 2298 2336 2353
573 2216 2316 2244 2266 2283 2229
574 309 268 253 288 259 281
575 374 364 432 366 396 401
576 2223 2121 2193 2170 2157 2206
577 2163 2223 2257 2191 2240 2207
578 2163 2257 2195 2207 2225 2178
579 2150 2054 2116 2100 2086 2134
580 2116 2018 2097 2067 2057 2106
581 2116 2097 2195 2106 2144 2156
582 2116 2195 2215 2156 2205 2165
583 2215 2195 2296 2205 2245 2256
584 2296 2195 2257 2245 2225 2274
585 2215 2296 2322 2256 2308 2267
586 2322 2296 2398 2308 2350 2362
587 2398 2296 2368 2350 2334 2383
588 2322 2398 2420 2362 2409 2374
589 2368 2296 2257 2334 2274 2310
590 2398 2368 2458 2383 2415 2430
591 2420 2398 2484 2409 2444 2453
592 2322 2420 2357 2374 2387 2338
593 2357 2420 2450 2387 2433 2406
594 229 265 201 245 230 214
595 268 210 253 239 231 259
596 253 210 197 231 205 224
597 197 210 161 205 184 180
598 253 197 248 224 223 250
599 265 289 335 275 310 298
600 210 229 178 222 203 194
601 958 1026 964 991 994 960
602 732 787 708 761 749 720
603 2570 2557 2623 2563 2591 2597
604 2570 2623 2637 2597 2631 2603
605 2637 2623 2690 2631 2658 2666
606 2570 2637 2584 2603 2611 2576
607 2450 2420 2505 2433 2463 2477
608 846 859 934 849 896 886
609 1039 1111 1047 1074 1079 1041
610 2623 2613 2676 2617 2645 2650
611 2623 2676 2690 2650 2683 2658
612 2690 2676 2737 2683 2708 2715
613 2737 2676 2741 2708 2712 2740
614 2741 2676 2669 2712 2672 2706
615 2737 2741 2783 2740 2765 2763
616 2783 2741 2805 2765 2774 2795
617 2737 2783 2790 2763 2788 2768
618 2690 2737 2752 2715 2744 2721
619 1016 958 934 985 943 975
620 2499 2570 2516 2534 2543 2509
621 2516 2570 2584 2543 2576 2551
622 2516 2584 2535 2551 2559 2526
623 2535 2584 2605 2559 2593 2571
624 2605 2584 2652 2593 2618 2629
625 2535 2605 2554 2571 2579 2546
626 2516 2535 2457 2526 2498 2487
627 2516 2457 2435 2487 2447 2476
628 622 682 718 650 701 672
629 718 682 766 701 726 741
630 2357 2450 2386 2406 2419 2370
631 2357 2386 2279 2370 2336 2314
632 2386 2450 2474 2419 2462 2432
633 787 846 773 819 811 781
634 1109 1039 1026 1073 1032 1066
635 2741 2722 2775 2732 2751 2758
636 2775 2722 2745 2751 2735 2761
637 161 210 178 184 194 169
638 161 178 134 169 155 145
639 134 178 144 155 160 138
640 161 134 121 145 124 140
641 2554 2605 2621 2579 2615 2588
642 2652 2584 2637 2618 2611 2644
643 2652 2637 2704 2644 2671 2677
644 2704 2637 2690 2671 2666 2694
645 2704 2690 2752 2694 2721 2725
646 2652 2704 2719 2677 2710 2688
647 2704 2752 2759 2725 2755 2734
648 2759 2752 2799 2755 2776 2782
649 2704 2759 2719 2734 2739 2710
650 2719 2759 2772 2739 2769 2747
651 2772 2759 2811 2769 2787 2792
652 2719 2772 2730 2747 2753 2724
653 197 161 141 180 149 166
654 2535 2554 2481 2546 2520 2510
655 2481 2554 2500 2520 2528 2489
656 2500 2554 2575 2528 2565 2539
657 2481 2500 2417 2489 2460 2448
658 2316 2386 2424 2353 2404 2377
659 2605 2652 2673 2629 2663 2638
660 144 178 201 160 186 172
661 144 201 174 172 183 158
662 121 134 85 124 105 103
663 2659 2655 2745 2657 2701 2705
664 134 144 101 138 122 115
665 161 121 141 140 129 149
666 660 579 557 619 568 608
667 2652 2719 2673 2688 2693 2663
668 2673 2719 2730 2693 2724 2702
669 2673 2730 2684 2702 2707 2678
670 2684 2730 2746 2707 2736 2717
671 2673 2684 2621 2678 2654 2648
672 2621 2684 2640 2654 2661 2634
673 2640 2684 2709 2661 2695 2675
674 2621 2640 2575 2634 2608 2598
675 2575 2640 2595 2608 2619 2585
676 2621 2575 2554 2598 2565 2588
677 2595 2640 2668 2619 2653 2633
678 2575 2595 2525 2585 2561 2549
679 2746 2730 2784 2736 2757 2767
680 2684 2746 2709 2717 2728 2695
681 2709 2746 2770 2728 2756 2738
682 2770 2746 2802 2756 2773 2786
683 2709 2770 2726 2738 2748 2720
684 2802 2746 2784 2773 2767 2793
685 2802 2784 2830 2793 2808 2817
686 2830 2784 2816 2808 2800 2823
687 2802 2830 2841 2817 2838 2824
688 2770 2802 2832 2786 2818 2801
689 2726 2770 2789 2748 2778 2760
690 2709 2726 2668 2720 2697 2689
691 2668 2726 2703 2697 2716 2686
692 2703 2726 2781 2716 2754 2743
693 2668 2703 2620 2686 2660 2643
694 2640 2709 2668 2675 2689 2653
695 2816 2784 2772 2800 2779 2797
696 2816 2772 2811 2797 2792 2813
697 2816 2811 2851 2813 2831 2834
698 2772 2784 2730 2779 2757 2753
699 2851 2811 2844 2831 2826 2846
700 2816 2851 2855 2834 2852 2837
701 2830 2816 2855 2823 2837 2842
702 2830 2855 2867 2842 2862 2850
703 2867 2855 2885 2862 2872 2877
704 2830 2867 2841 2850 2854 2838
705 2841 2867 2870 2854 2868 2856
706 2870 2867 2892 2868 2879 2883
707 2841 2870 2832 2856 2853 2839
708 2892 2867 2885 2879 2877 2889
709 2892 2885 2906 2889 2895 2900
710 2906 2885 2899 2895 2893 2902
711 2841 2832 2802 2839 2818 2824
712 2899 2885 2875 2893 2882 2888
713 2906 2899 2916 2902 2910 2911
714 2870 2892 2898 2883 2894 2884
715 2832 2870 2881 2853 2876 2858
716 2892 2906 2909 2900 2907 2901
717 2885 2855 2875 2872 2866 2882
718 2875 2855 2851 2866 2852 2865
719 2875 2851 2873 2865 2863 2874
720 2873 2851 2844 2863 2846 2860
721 2875 2873 2899 2874 2887 2888
722 2873 2844 2880 2860 2864 2878
723 2844 2811 2799 2826 2804 2822
724 2799 2811 2759 2804 2787 2782
725 891 851 816 871 829 854
726 891 816 860 854 836 876
727 816 776 738 792 755 779
728 816 738 784 779 762 799
729 2244 2142 2216 2190 2177 2229
730 891 860 937 876 898 912
731 816 784 860 799 822 836
732 860 784 828 822 809 844
733 828 784 751 809 770 791
734 860 828 905 844 866 881
735 738 695 648 714 671 698
736 738 648 705 698 677 722
737 705 648 611 677 626 657
738 738 705 784 722 747 762
739 784 705 751 747 731 770
740 751 705 668 731 686 712
741 668 705 611 686 657 638
742 668 611 574 638 587 620
743 574 611 516 587 563 544
744 668 574 639 620 604 652
745 648 597 553 621 576 598
746 648 553 611 598 581 626
747 611 553 516 581 536 563
748 516 553 469 536 509 493
749 516 469 433 493 451 474
750 469 553 506 509 532 489
751 433 469 390 451 428 412
752 433 390 359 412 372 395
753 390 469 425 428 445 405
754 516 433 487 474 458 503
755 359 390 318 372 353 338
756 359 318 293 338 305 324
757 318 390 350 353 367 331
758 433 359 409 395 383 420
759 293 318 256 305 286 273
760 293 256 232 273 244 261
761 256 318 285 286 301 271
762 232 256 202 244 228 217
763 232 202 181 217 190 207
764 293 232 274 261 252 282
765 202 256 227 228 241 212
766 181 202 154 190 177 164
767 181 154 137 164 142 157
768 232 181 221 207 199 225
769 154 202 173 177 185 162
770 137 154 111 142 132 123
771 137 111 99 123 104 117
772 181 137 171 157 153 175
773 111 154 127 132 139 120
774 99 111 79 104 93 89
775 99 79 70 89 74 84
776 137 99 130 117 114 135
777 79 111 92 93 102 86
778 70 79 51 74 64 61
779 70 51 45 61 47 57
780 99 70 95 84 81 97
781 51 79 62 64 69 55
782 45 51 30 47 38 36
783 45 30 27 36 26 34
784 70 45 72 57 58 68
785 30 51 35 38 42 31
786 27 30 12 26 20 19
787 27 12 15 19 13 21
788 45 27 50 34 37 46
789 12 30 17 20 22 14
790 15 12 6 13 7 9
791 27 15 32 21 23 29
792 359 293 337 324 312 345
793 221 181 171 199 175 196
794 221 171 213 196 192 216
795 232 221 274 225 246 252
796 274 221 267 246 243 269
797 213 171 165 192 168 188
798 221 213 267 216 238 243
799 267 213 262 238 236 264
800 262 213 211 236 209 235
801 267 262 317 264 290 292
802 2179 2244 2284 2209 2263 2230
803 137 130 171 135 150 153
804 171 130 165 150 147 168
805 165 130 128 147 126 146
806 128 130 95 126 112 110
807 95 130 99 112 114 97
808 128 95 98 110 96 113
809 98 95 72 96 82 83
810 98 72 76 83 73 87
811 72 95 70 82 81 68
812 128 98 136 113 116 133
813 76 72 50 73 60 63
814 76 50 59 63 54 66
815 50 72 45 60 58 46
816 98 76 119 87 94 106
817 59 50 32 54 40 44
818 59 32 49 44 41 53
819 32 50 27 40 37 29
820 49 32 39 41 33 43
821 59 49 85 53 65 71
822 76 59 101 66 78 88
823 165 128 170 146 148 167
824 424 393 349 407 368 386
825 2084 2113 2015 2098 2064 2049
826 12 5 6 8 4 7
827 927 891 972 910 932 950
828 393 471 422 431 444 403
829 751 668 730 712 700 740
830 2113 2179 2243 2145 2208 2174
831 141 121 100 129 108 118
832 100 121 85 108 103 90
833 32 15 18 23 16 24
834 18 15 6 16 9 11
835 274 267 325 269 294 297
836 2257 2329 2368 2294 2348 2310
837 1941 2015 2072 1976 2043 2005
838 293 274 337 282 303 312
839 337 274 325 303 297 329
840 337 325 392 329 358 363
841 392 325 382 358 351 385
842 337 392 409 363 397 369
843 409 392 467 397 429 435
844 337 409 359 369 383 345
845 467 392 455 429 421 459
846 409 467 487 435 476 446
847 487 467 547 476 507 520
848 409 487 433 446 458 420
849 547 467 534 507 502 543
850 487 547 574 520 564 531
851 574 547 639 564 593 604
852 639 547 616 593 582 625
853 487 574 516 531 544 503
854 616 547 534 582 543 575
855 616 534 601 575 570 612
856 639 616 707 625 663 674
857 601 534 517 570 526 558
858 616 601 692 612 647 654
859 517 534 455 526 494 485
860 517 455 441 485 447 480
861 455 534 467 494 502 459
862 441 455 382 447 418 413
863 441 382 375 413 378 406
864 375 382 317 378 348 344
865 375 317 313 344 315 342
866 441 375 443 406 408 440
867 517 441 513 480 477 514
868 382 455 392 418 421 385
869 313 317 262 315 290 287
870 313 262 266 287 263 291
871 375 313 381 342 346 376
872 266 262 211 263 235 237
873 266 211 220 237 215 242
874 313 266 336 291 299 326
875 220 211 170 215 191 195
876 220 170 182 195 176 200
877 266 220 276 242 247 270
878 601 517 591 558 552 595
879 616 692 707 654 702 663
880 707 692 771 702 733 739
881 771 692 758 733 727 765
882 707 771 805 739 789 756
883 443 375 381 408 376 411
884 443 381 460 411 419 452
885 460 381 422 419 398 439
886 460 422 519 439 468 488
887 519 422 471 468 444 495
888 460 519 533 488 525 496
889 443 460 533 452 496 486
890 533 519 603 525 559 569
891 2620 2703 2649 2660 2674 2635
892 2668 2620 2595 2643 2609 2633
893 2595 2620 2550 2609 2587 2572
894 2329 2397 2417 2363 2405 2376
895 2329 2417 2368 2376 2392 2348
896 1911 1941 1815 1923 1885 1864
897 1815 1941 1851 1885 1899 1836
898 1851 1941 1988 1899 1962 1922
899 1815 1851 1592 1836 1772 1741
900 692 601 685 647 642 688
901 441 443 513 440 478 477
902 513 443 533 478 486 522
903 2474 2450 2531 2462 2490 2503
904 381 313 336 346 326 357
905 381 336 422 357 379 398
906 2386 2474 2424 2432 2449 2404
907 2424 2474 2514 2449 2496 2470
908 2514 2474 2562 2496 2521 2538
909 2424 2514 2443 2470 2478 2431
910 2562 2474 2531 2521 2503 2548
911 2562 2531 2601 2548 2567 2582
912 2601 2531 2578 2567 2555 2590
913 2562 2601 2647 2582 2622 2606
914 2514 2562 2604 2538 2583 2558
915 2443 2514 2492 2478 2502 2467
916 2424 2443 2359 2431 2400 2390
917 2578 2531 2505 2555 2518 2542
918 2601 2578 2656 2590 2616 2627
919 517 513 591 514 550 552
920 591 513 590 550 549 588
921 590 513 533 549 522 561
922 590 533 603 561 569 596
923 591 590 675 588 632 633
924 683 732 649 706 694 666
925 683 649 583 666 615 630
926 649 732 708 694 720 681
927 2714 2647 2685 2680 2667 2700
928 2685 2647 2601 2667 2622 2642
929 2333 2234 2242 2282 2236 2287
930 2242 2234 2147 2236 2189 2192
931 2552 2472 2507 2513 2488 2529
932 2507 2472 2421 2488 2446 2464
933 2147 2234 2141 2189 2186 2143
934 2421 2472 2380 2446 2429 2399
935 2373 2271 2290 2319 2280 2335
936 2290 2271 2188 2280 2228 2237
937 2188 2271 2172 2228 2221 2180
938 2290 2188 2210 2237 2200 2249
939 98 119 136 106 125 116
940 136 119 174 125 143 156
941 182 170 136 176 152 159
942 136 170 128 152 148 133
943 182 136 174 159 156 179
944 2522 2438 2472 2483 2456 2497
945 2472 2438 2380 2456 2411 2429
946 2380 2438 2341 2411 2393 2361
947 2341 2438 2407 2393 2423 2378
948 2341 2407 2303 2378 2358 2318
949 2407 2438 2494 2423 2466 2451
950 2303 2407 2375 2358 2389 2340
951 2303 2375 2269 2340 2321 2285
952 2375 2407 2465 2389 2434 2422
953 2341 2303 2233 2318 2265 2288
954 2269 2375 2346 2321 2360 2306
955 2269 2346 2238 2306 2292 2253
956 2346 2375 2440 2360 2408 2396
957 2238 2346 2312 2292 2330 2275
958 2238 2312 2210 2275 2260 2224
959 2238 2210 2138 2224 2173 2187
960 2138 2210 2115 2173 2160 2126
961 2238 2138 2171 2187 2155 2203
962 2269 2238 2171 2253 2203 2220
963 2269 2171 2202 2220 2185 2235
964 2202 2171 2104 2185 2137 2153
965 2269 2202 2303 2235 2252 2285
966 2303 2202 2233 2252 2218 2265
967 2233 2202 2135 2218 2169 2183
968 2135 2202 2104 2169 2153 2119
969 2135 2104 2040 2119 2070 2085
970 2040 2104 2004 2070 2056 2021
971 2135 2040 2075 2085 2053 2101
972 2233 2135 2168 2183 2149 2199
973 2312 2346 2414 2330 2379 2367
974 2210 2312 2290 2260 2301 2249
975 2290 2312 2394 2301 2355 2345
976 2004 2104 2082 2056 2091 2044
977 2040 2004 1936 2021 1969 1986
978 2075 2040 1988 2053 2009 2029
979 2075 1988 2072 2029 2027 2073
980 2072 1988 1941 2027 1962 2005
981 2135 2075 2168 2101 2123 2149
982 2168 2075 2072 2123 2073 2120
983 2115 2210 2188 2160 2200 2151
984 2115 2188 2094 2151 2140 2103
985 2171 2138 2082 2155 2108 2125
986 2082 2138 2045 2108 2090 2061
987 2171 2082 2104 2125 2091 2137
988 2045 2138 2115 2090 2126 2078
989 2082 2045 1978 2061 2012 2030
990 1978 2045 1940 2012 1996 1958
991 2082 1978 2004 2030 1994 2044
992 2004 1978 1903 1994 1942 1956
993 1903 1978 1867 1942 1925 1886
994 2004 1903 1936 1956 1915 1969
995 1936 1903 1795 1915 1854 1874
996 1795 1903 1743 1854 1840 1773
997 1936 1795 1851 1874 1829 1897
998 1867 1978 1940 1925 1958 1909
999 1867 1940 1821 1909 1887 1846
1000 1821 1940 1920 1887 1933 1877
1001 1867 1821 1628 1846 1755 1789
1002 1903 1867 1743 1886 1817 1840
1003 1743 1867 1628 1817 1789 1697
1004 1743 1628 1337 1697 1429 1497
1005 1337 1628 1285 1429 1385 1309
1006 1743 1337 1482 1497 1390 1649
1007 1285 1628 1487 1385 1546 1357
1008 1337 1285 1192 1309 1234 1256
1009 1482 1337 1246 1390 1288 1328
1010 1743 1482 1795 1649 1704 1773
1011 1795 1482 1664 1704 1569 1748
1012 1664 1482 1293 1569 1361 1399
1013 1795 1664 1851 1748 1783 1829
1014 1293 1482 1246 1361 1328 1267
1015 1293 1246 1168 1267 1205 1227
1016 1168 1246 1136 1205 1184 1154
1017 1293 1168 1229 1227 1197 1258
1018 1664 1293 1592 1399 1380 1630
1019 1664 1592 1851 1630 1772 1783
1020 1136 1246 1192 1184 1216 1164
1021 1136 1192 1099 1164 1139 1118
1022 1099 1192 1156 1139 1174 1129
1023 1136 1099 1056 1118 1077 1095
1024 1168 1136 1081 1154 1108 1123
1025 1229 1168 1121 1197 1145 1167
1026 1293 1229 1592 1258 1330 1380
1027 1920 1940 2024 1933 1982 1973
1028 1821 1920 1785 1877 1863 1803
1029 1628 1821 1487 1755 1726 1546
1030 1487 1821 1785 1726 1803 1692
1031 1487 1785 1379 1692 1621 1424
1032 1156 1192 1285 1174 1234 1212
1033 1099 1156 1072 1129 1115 1087
1034 1056 1099 1020 1077 1060 1035
1035 1136 1056 1081 1095 1068 1108
1036 1081 1056 1004 1068 1030 1043
1037 1004 1056 979 1030 1017 992
1038 1081 1004 1044 1043 1025 1064
1039 979 1056 1020 1017 1035 999
1040 979 1020 949 999 984 963
1041 949 1020 1001 984 1012 976
1042 979 949 902 963 922 941
1043 1004 979 928 992 954 967
1044 1044 1004 966 1025 986 1003
1045 1081 1044 1121 1064 1082 1100
1046 1121 1044 1075 1082 1059 1096
1047 1075 1044 997 1059 1019 1034
1048 1121 1075 1161 1096 1117 1137
1049 1001 1020 1072 1012 1046 1037
1050 1001 1072 1053 1037 1062 1029
1051 1053 1072 1131 1062 1101 1090
1052 1001 1053 977 1029 1014 989
1053 949 1001 931 976 965 938
1054 902 949 870 922 908 884
1055 979 902 928 941 914 954
1056 928 902 852 914 878 888
1057 852 902 805 878 853 826
1058 928 852 889 888 873 909
1059 889 852 824 873 839 858
1060 928 889 966 909 930 948
1061 966 889 920 930 906 944
1062 920 889 847 906 867 883
1063 966 920 997 944 961 981
1064 966 997 1044 981 1019 1003
1065 997 920 971 961 946 983
1066 971 920 893 946 907 933
1067 997 971 1049 983 1008 1021
1068 1131 1072 1156 1101 1115 1142
1069 1131 1156 1238 1142 1194 1178
1070 1238 1156 1285 1194 1212 1261
1071 1131 1238 1203 1178 1218 1165
1072 1053 1131 1112 1090 1119 1080
1073 977 1053 1024 1014 1036 998
1074 1001 977 931 989 952 965
1075 931 977 905 952 940 916
1076 931 905 828 916 866 880
1077 905 977 937 940 956 919
1078 905 937 860 919 898 881
1079 893 920 847 907 883 868
1080 971 893 942 933 917 957
1081 997 1049 1075 1021 1061 1034
1082 1075 1049 1125 1061 1086 1098
1083 1125 1049 1047 1086 1045 1084
1084 1075 1125 1161 1098 1140 1117
1085 1161 1125 1231 1140 1172 1195
1086 1231 1125 1180 1172 1153 1204
1087 2233 2168 2272 2199 2219 2251
1088 1049 971 1047 1008 1007 1045
1089 2380 2341 2272 2361 2307 2327
1090 1168 1081 1121 1123 1100 1145
1091 1229 1121 1161 1167 1137 1191
1092 2836 2781 2825 2809 2803 2829
1093 2825 2781 2789 2803 2785 2806
1094 2825 2789 2832 2806 2812 2828
1095 2789 2781 2726 2785 2754 2760
1096 2825 2832 2861 2828 2847 2843
1097 2612 2540 2574 2577 2556 2592
1098 2574 2540 2492 2556 2517 2532
1099 2492 2540 2459 2517 2501 2475
1100 2574 2492 2514 2532 2502 2544
1101 2443 2492 2412 2467 2455 2427
1102 454 374 432 414 401 438
1103 2749 2685 2713 2718 2699 2731
1104 2713 2685 2656 2699 2670 2687
1105 2656 2685 2601 2670 2642 2627
1106 2656 2578 2649 2616 2614 2651
1107 2656 2649 2713 2651 2681 2687
1108 2780 2713 2742 2750 2729 2762
1109 2742 2713 2649 2729 2681 2698
1110 2356 2254 2271 2305 2259 2311
1111 2271 2254 2172 2259 2211 2221
1112 2172 2254 2158 2211 2204 2164
1113 2158 2254 2242 2204 2246 2197
1114 2158 2242 2147 2197 2192 2152
1115 2158 2147 2066 2152 2107 2110
1116 2242 2254 2344 2246 2297 2293
1117 2066 2147 2059 2107 2102 2060
1118 2158 2066 2081 2110 2074 2122
1119 2172 2158 2081 2164 2122 2124
1120 2172 2081 2094 2124 2089 2133
1121 2094 2081 1999 2089 2042 2048
1122 1999 2081 1989 2042 2036 1995
1123 2094 1999 2024 2048 2008 2058
1124 2646 2574 2604 2610 2589 2624
1125 2604 2574 2514 2589 2544 2558
1126 2917 2906 2916 2912 2911 2915
1127 2679 2604 2647 2641 2626 2664
1128 2647 2604 2562 2626 2583 2606
1129 2581 2507 2540 2545 2524 2560
1130 2540 2507 2459 2524 2485 2501
1131 2459 2507 2421 2485 2464 2442
1132 2459 2421 2366 2442 2395 2413
1133 2366 2421 2315 2395 2371 2343
1134 2459 2366 2412 2413 2388 2436
1135 2595 2550 2525 2572 2537 2561
1136 2807 2742 2781 2777 2764 2796
1137 2781 2742 2703 2764 2723 2743
1138 639 707 730 674 716 687
1139 639 730 668 687 700 652
1140 730 707 805 716 756 768
1141 730 805 804 768 803 769
1142 804 805 870 803 837 838
1143 804 870 828 838 848 820
1144 804 828 751 820 791 780
1145 804 751 730 780 740 769
1146 2550 2620 2578 2587 2600 2564
1147 220 182 233 200 208 226
1148 119 76 101 94 88 107
1149 317 382 325 348 351 319
1150 317 325 267 319 294 292
1151 2234 2326 2214 2277 2270 2222
1152 1675 1815 1336 1763 1614 1444
1153 471 556 519 512 538 495
1154 2094 2188 2172 2140 2180 2133
1155 1246 1337 1192 1288 1256 1216
1156 415 335 389 373 360 399
1157 2737 2790 2752 2768 2771 2744
1158 2752 2790 2799 2771 2798 2776
1159 966 1004 928 986 967 948
1160 870 949 931 908 938 900
1161 2142 2118 2216 2129 2166 2177
1162 2115 2094 2024 2103 2058 2069
1163 2115 2024 2045 2069 2033 2078
1164 2045 2024 1940 2033 1982 1996
1165 1203 1238 1379 1218 1296 1274
1166 377 424 349 400 386 362
1167 377 349 307 362 328 340
1168 307 349 283 328 314 295
1169 377 307 335 340 322 354
1170 335 307 265 322 284 298
1171 283 349 323 314 332 302
1172 307 283 240 295 260 272
1173 144 174 119 158 143 131
1174 2790 2783 2833 2788 2810 2814
1175 1851 1988 1936 1922 1959 1897
1176 1131 1203 1112 1165 1155 1119
1177 1112 1203 1179 1155 1190 1144
1178 1179 1203 1311 1190 1252 1240
1179 1112 1179 1093 1144 1133 1102
1180 174 201 240 183 219 206
1181 1285 1487 1238 1357 1322 1261
1182 902 870 805 884 837 853
1183 336 266 276 299 270 304
1184 1815 1592 1336 1741 1418 1614
1185 1336 1592 1229 1418 1330 1273
1186 556 649 614 600 629 584
1187 1231 1317 1675 1269 1430 1347
1188 758 692 685 727 688 724
1189 758 685 752 724 721 754
1190 752 685 675 721 680 715
1191 758 752 847 754 800 802
1192 824 852 771 839 812 794
1193 824 771 758 794 765 790
1194 824 758 847 790 802 831
1195 824 847 889 831 867 858
1196 2484 2398 2458 2444 2430 2471
1197 603 519 614 559 567 613
1198 675 590 667 632 627 669
1199 2081 2066 1989 2074 2026 2036
1200 1989 2066 1974 2026 2022 1980
1201 1974 2066 2059 2022 2060 2019
1202 1974 2059 1966 2019 2017 1968
1203 1989 1974 1880 1980 1931 1938
1204 1966 2059 2011 2017 2037 1990
1205 1974 1966 1875 1968 1921 1924
1206 1880 1974 1875 1931 1924 1879
1207 1880 1875 1705 1879 1807 1813
1208 1989 1880 1902 1938 1893 1946
1209 1875 1966 1901 1921 1935 1889
1210 1705 1875 1669 1807 1801 1686
1211 1880 1705 1744 1813 1723 1828
1212 2575 2525 2500 2549 2512 2539
1213 2500 2525 2458 2512 2493 2482
1214 2458 2525 2484 2493 2504 2471
1215 805 771 852 789 812 826
1216 1920 2024 1999 1973 2008 1960
1217 2458 2368 2417 2415 2392 2437
1218 1379 1785 1744 1621 1768 1551
1219 2420 2484 2505 2453 2495 2463
1220 2505 2484 2550 2495 2519 2527
1221 2550 2484 2525 2519 2504 2537
1222 2059 2147 2141 2102 2143 2099
1223 2059 2112 2011 2087 2062 2037
1224 309 253 311 281 280 306
1225 591 675 685 633 680 637
1226 289 356 335 321 343 310
1227 1785 1920 1902 1863 1912 1850
1228 170 211 165 191 187 167
1229 165 211 213 187 209 188
1230 1487 1379 1238 1424 1296 1322
1231 2357 2248 2322 2302 2286 2338
1232 2450 2505 2531 2477 2518 2490
1233 1179 1311 1282 1240 1295 1228
1234 958 964 890 960 926 921
1235 977 1024 937 998 980 956
1236 229 201 178 214 186 203
1237 2789 2770 2832 2778 2801 2812
1238 2412 2366 2284 2388 2325 2352
1239 2284 2366 2243 2325 2304 2261
1240 1311 1203 1379 1252 1274 1342
1241 201 265 240 230 251 219
1242 2341 2233 2272 2288 2251 2307
1243 1112 1093 1024 1102 1058 1067
1244 1039 1047 982 1041 1013 1011
1245 2315 2421 2380 2371 2399 2351
1246 2315 2380 2272 2351 2327 2295
1247 2315 2272 2194 2295 2231 2255
1248 2194 2272 2168 2231 2219 2182
1249 2315 2194 2243 2255 2217 2278
1250 2243 2194 2113 2217 2154 2174
1251 773 846 835 811 842 806
1252 1053 1112 1024 1080 1067 1036
1253 323 349 393 332 368 355
1254 393 422 336 403 379 361
1255 393 336 323 361 327 355
1256 323 336 276 327 304 296
1257 323 276 283 296 279 302
1258 283 276 233 279 254 257
1259 283 233 240 257 234 260
1260 240 233 174 234 204 206
1261 708 787 773 749 781 742
1262 1093 1179 1162 1133 1171 1127
1263 1047 1111 1180 1079 1143 1107
1264 1999 1989 1902 1995 1946 1949
1265 1999 1902 1920 1949 1912 1960
1266 2459 2412 2492 2436 2455 2475
1267 2443 2412 2359 2427 2385 2400
1268 2359 2412 2284 2385 2352 2317
1269 2316 2424 2359 2377 2390 2339
1270 2316 2359 2244 2339 2299 2283
1271 2366 2315 2243 2343 2278 2304
1272 964 1026 1039 994 1032 1000
1273 307 240 265 272 251 284
1274 2621 2605 2673 2615 2638 2648
1275 1099 1072 1020 1087 1046 1060
1276 101 144 119 122 131 107
1277 2284 2244 2359 2263 2299 2317
1278 2620 2649 2578 2635 2614 2600
1279 85 134 101 105 115 91
1280 2072 2015 2113 2043 2064 2092
1281 927 972 1005 950 988 969
1282 1005 972 1051 988 1009 1028
1283 1051 972 1024 1009 996 1033
1284 1005 1051 1088 1028 1065 1048
1285 1088 1051 1162 1065 1103 1122
1286 2040 1936 1988 1986 1959 2009
1287 276 220 233 247 226 254
1288 601 591 685 595 637 642
1289 972 891 937 932 912 953
1290 972 937 1024 953 980 996
1291 2179 2284 2243 2230 2261 2208
1292 2649 2703 2742 2674 2723 2698
1293 971 942 1047 957 993 1007
1294 1902 1880 1744 1893 1828 1839
1295 942 893 864 917 879 904
1296 1744 1705 1311 1723 1434 1460
1297 2141 2234 2214 2186 2222 2175
1298 1675 1336 1231 1444 1276 1347
1299 1669 1875 1901 1801 1889 1819
1300 667 590 603 627 596 635
1301 1093 1162 1051 1127 1103 1070
1302 1093 1051 1024 1070 1033 1058
1303 1179 1282 1162 1228 1214 1171
1304 556 614 519 584 567 538
1305 614 649 708 629 681 662
1306 614 708 676 662 691 644
1307 676 708 773 691 742 729
1308 614 676 603 644 640 613
1309 603 676 711 640 696 659
1310 711 676 773 696 729 744
1311 603 711 667 659 690 635
1312 667 711 760 690 735 713
1313 760 711 775 735 745 767
1314 667 760 675 713 719 669
1315 775 711 773 745 744 774
1316 775 773 835 774 806 807
1317 775 835 840 807 834 808
1318 840 835 890 834 862 863
1319 890 835 897 862 865 894
1320 840 890 911 863 901 874
1321 897 835 846 865 842 872
1322 897 846 934 872 886 913
1323 897 934 958 913 943 925
1324 897 958 890 925 921 894
1325 775 840 760 808 798 767
1326 911 890 964 901 926 936
1327 911 964 982 936 974 945
1328 840 911 864 874 885 850
1329 864 911 942 885 924 904
1330 982 964 1039 974 1000 1011
1331 982 1047 942 1013 993 962
1332 982 942 911 962 924 945
1333 1705 1669 1282 1686 1389 1403
1334 1282 1311 1705 1295 1434 1403
1335 233 182 174 208 179 204
1336 2908 2916 2899 2913 2910 2905
1337 1314 1177 1282 1239 1225 1297
1338 2833 2857 2790 2845 2827 2814
1339 2112 2059 2141 2087 2099 2127
1340 2775 2805 2741 2791 2774 2758
1341 2783 2805 2833 2795 2820 2810
1342 864 893 818 879 855 843
1343 818 893 847 855 868 827
1344 864 818 760 843 788 813
1345 2880 2896 2873 2890 2886 2878
1346 2873 2896 2899 2886 2897 2887
1347 1901 1728 1669 1834 1700 1819
1348 1669 1728 1314 1700 1453 1423
1349 1177 1088 1162 1130 1122 1169
1350 2857 2880 2835 2869 2859 2848
1351 2011 1901 1966 1957 1935 1990
1352 2214 2112 2141 2161 2127 2175
1353 2896 2908 2899 2903 2905 2897
1354 2844 2799 2835 2822 2819 2840
1355 2835 2799 2790 2819 2798 2815
1356 2844 2835 2880 2840 2859 2864
1357 2857 2835 2790 2848 2815 2827
1358 1902 1744 1785 1839 1768 1850
1359 2417 2500 2458 2460 2482 2437
1360 432 364 384 396 371 404
1361 1161 1231 1336 1195 1276 1235
1362 1162 1282 1177 1214 1225 1169
1363 2578 2505 2550 2542 2527 2564
1364 752 675 760 715 719 753
1365 67 100 85 80 90 75
1366 248 311 253 278 280 250
1367 18 39 32 28 33 24
1368 49 39 67 43 52 56
1369 141 189 197 163 193 166
1370 197 189 248 193 218 223
1371 384 465 432 423 449 404
1372 311 384 364 347 371 334
1373 465 557 497 508 527 481
1374 2194 2168 2072 2182 2120 2132
1375 85 101 59 91 78 71
1376 1379 1744 1311 1551 1460 1342
1377 2072 2113 2194 2092 2154 2132
1378 1229 1161 1336 1191 1235 1273
1379 870 931 828 900 880 848
1380 760 840 864 798 850 813
1381 818 847 752 827 800 785
1382 818 752 760 785 753 788
1383 49 67 85 56 75 65
1384 1180 1125 1047 1153 1084 1107
1385 1282 1669 1314 1389 1423 1297