1 6 1 5 9 2 3 8 7 4
2 169 212 215 174 191 213 194 172 193
3 533 541 539 526 538 540 534 530 536
4 510 507 470 473 508 489 471 491 490
5 17 6 9 21 10 7 14 18 12
6 127 169 174 134 149 172 154 130 153
7 513 533 526 496 525 530 512 503 520
8 514 510 473 478 511 491 476 495 494
9 34 17 21 38 25 18 29 36 27
10 5 16 22 9 11 19 15 8 13
11 91 127 134 95 108 130 114 92 109
12 215 225 181 174 219 202 176 194 198
13 482 513 496 464 498 503 481 472 487
14 539 535 516 526 537 528 521 534 531
15 518 514 478 484 517 495 479 501 499
16 470 433 438 473 453 436 455 471 454
17 58 34 38 63 44 36 51 60 46
18 16 35 39 22 24 37 30 19 28
19 59 91 95 64 72 92 79 62 75
20 35 59 64 39 45 62 52 37 48
21 225 238 196 181 230 217 186 202 208
22 450 482 464 431 466 472 448 443 459
23 535 529 502 516 532 519 506 528 523
24 524 518 484 492 522 501 486 509 504
25 529 524 492 502 527 509 497 519 515
26 433 397 399 438 414 398 417 436 415
27 90 58 63 93 73 60 76 89 74
28 238 250 216 196 244 234 205 217 226
29 421 450 431 402 435 443 418 411 427
30 397 357 360 399 376 358 380 398 377
31 128 90 93 131 107 89 111 126 106
32 250 268 240 216 260 255 228 234 245
33 391 421 402 371 406 411 387 382 396
34 357 320 323 360 338 321 341 358 339
35 170 128 131 171 150 126 152 167 146
36 268 288 262 240 280 276 249 255 264
37 359 391 371 340 374 382 354 350 366
38 320 287 291 323 303 289 307 321 305
39 211 170 171 214 190 167 192 210 189
40 288 309 285 262 298 297 275 276 284
41 330 359 340 314 345 350 326 322 334
42 309 330 314 285 317 322 300 297 310
43 287 253 256 291 270 254 272 289 271
44 253 211 214 256 233 210 235 254 232
45 496 526 516 483 512 521 500 488 505
46 134 174 181 142 154 176 162 138 157
47 478 473 438 441 476 455 439 461 456
48 438 399 405 441 417 401 423 439 422
49 399 360 367 405 380 362 385 401 384
50 464 496 483 449 481 488 467 457 474
51 181 196 160 142 186 177 147 162 166
52 196 216 180 160 205 197 165 177 185
53 216 240 203 180 228 223 188 197 207
54 95 134 142 103 114 138 123 98 118
55 9 22 31 21 15 26 23 14 20
56 22 39 50 31 30 43 41 26 33
57 39 64 71 50 52 68 61 43 54
58 64 95 103 71 79 98 86 68 83
59 431 464 449 419 448 457 432 426 442
60 402 431 419 386 418 426 403 393 409
61 371 402 386 356 387 393 372 365 379
62 340 371 356 327 354 365 342 332 348
63 314 340 327 296 326 332 311 302 316
64 285 314 296 267 300 302 281 278 292
65 240 262 237 203 249 248 221 223 236
66 262 285 267 237 275 278 251 248 263
67 484 478 441 447 479 461 445 465 462
68 516 502 468 483 506 485 477 500 493
69 492 484 447 458 486 465 451 475 469
70 502 492 458 468 497 475 463 485 480
71 360 323 329 367 341 325 346 362 343
72 323 291 295 329 307 293 312 325 308
73 291 256 261 295 272 257 279 293 274
74 256 214 222 261 235 218 243 257 239
75 214 171 179 222 192 175 200 218 195
76 171 131 139 179 152 135 159 175 155
77 131 93 101 139 111 97 119 135 115
78 93 63 70 101 76 66 84 97 81
79 63 38 49 70 51 42 57 66 53
80 38 21 31 49 29 23 40 42 32
81 447 441 405 412 445 423 408 430 425
82 405 367 375 412 385 369 392 408 390
83 449 483 468 437 467 477 452 444 460
84 419 449 437 404 432 444 420 410 428
85 386 419 404 373 403 410 389 381 394
86 356 386 373 349 372 381 361 352 368
87 327 356 349 319 342 352 333 324 336
88 296 327 319 283 311 324 301 290 306
89 468 458 424 437 463 440 429 452 446
90 458 447 412 424 451 430 416 440 434
91 103 142 160 121 123 147 141 113 132
92 71 103 121 88 86 113 104 82 96
93 31 50 65 49 41 56 55 40 47
94 50 71 88 65 61 82 78 56 69
95 267 296 283 247 281 290 266 258 273
96 70 49 65 87 57 55 77 80 67
97 160 180 143 121 165 161 133 141 148
98 180 203 164 143 188 183 156 161 173
99 101 70 87 117 84 80 102 105 94
100 139 101 117 151 119 105 136 144 124
101 367 329 337 375 346 331 355 369 351
102 329 295 304 337 312 299 318 331 315
103 295 261 269 304 279 265 286 299 282
104 261 222 231 269 243 227 252 265 246
105 179 139 151 187 159 144 168 182 163
106 222 179 187 231 200 182 209 227 204
107 203 237 206 164 221 224 184 183 201
108 237 267 247 206 251 258 229 224 242
109 412 375 388 424 392 383 407 416 400
110 437 424 388 404 429 407 395 420 413
111 373 404 388 353 389 395 370 363 378
112 388 375 337 353 383 355 344 370 364
113 349 373 353 319 361 363 335 333 347
114 353 337 304 319 344 318 313 335 328
115 319 304 269 283 313 286 277 301 294
116 283 269 231 247 277 252 241 266 259
117 247 231 187 206 241 209 199 229 220
118 87 65 88 112 77 78 100 99 85
119 143 112 88 121 125 100 104 133 116
120 117 87 112 129 102 99 120 122 110
121 164 129 112 143 145 120 125 156 137
122 151 117 129 164 136 122 145 158 140
123 206 187 151 164 199 168 158 184 178