1 405 406 404
2 406 409 410
3 401 405 400
4 404 406 407
5 405 404 400
6 400 404 399
7 410 409 413
8 406 410 407
9 409 411 413
10 413 411 415
11 397 401 396
12 401 400 396
13 396 400 399
14 404 407 399
15 410 413 417
16 395 397 394
17 407 410 412
18 397 396 394
19 394 396 392
20 417 413 421
21 410 417 412
22 412 417 419
23 415 418 422
24 407 412 408
25 391 395 389
26 395 394 389
27 389 394 392
28 422 418 431
29 415 421 413
30 386 391 384
31 417 421 424
32 407 408 399
33 391 389 384
34 384 389 383
35 421 415 422
36 421 422 429
37 408 412 419
38 418 423 431
39 431 423 430
40 392 396 399
41 381 386 380
42 419 417 424
43 419 424 432
44 386 384 380
45 380 384 383
46 422 431 429
47 424 421 429
48 378 381 376
49 392 399 393
50 381 380 376
51 376 380 375
52 383 389 392
53 430 435 438
54 374 378 373
55 424 429 436
56 378 376 373
57 373 376 375
58 399 408 393
59 429 431 439
60 392 393 382
61 432 424 436
62 432 436 443
63 419 432 420
64 383 392 382
65 383 382 375
66 438 435 445
67 430 438 431
68 439 431 438
69 439 438 447
70 429 439 436
71 435 441 445
72 445 441 444
73 370 374 369
74 408 419 420
75 374 373 369
76 369 373 368
77 375 380 383
78 382 393 385
79 438 445 447
80 366 370 363
81 370 369 363
82 363 369 368
83 420 432 433
84 385 393 403
85 382 385 372
86 361 366 360
87 393 408 403
88 366 363 360
89 360 363 357
90 443 436 448
91 432 443 433
92 433 443 450
93 439 447 448
94 444 452 456
95 368 373 375
96 408 420 403
97 403 420 414
98 414 420 433
99 403 414 398
100 358 361 355
101 385 403 398
102 382 372 375
103 361 360 355
104 355 360 357
105 372 385 377
106 436 439 448
107 447 445 454
108 448 447 459
109 456 452 464
110 444 456 445
111 452 458 464
112 464 458 463
113 443 448 457
114 454 445 456
115 454 456 465
116 447 454 459
117 368 375 372
118 398 414 427
119 353 358 352
120 358 355 352
121 352 355 349
122 357 363 368
123 414 433 427
124 377 385 398
125 372 377 365
126 459 454 465
127 450 443 457
128 450 457 462
129 433 450 427
130 456 464 465
131 448 459 457
132 348 353 343
133 398 427 390
134 353 352 343
135 343 352 349
136 365 377 367
137 372 359 368
138 357 368 359
139 339 348 338
140 463 467 471
141 348 343 338
142 338 343 335
143 349 355 357
144 390 427 434
145 398 390 377
146 465 464 470
147 333 339 332
148 367 377 390
149 365 367 354
150 457 459 466
151 339 338 332
152 332 338 335
153 471 467 480
154 463 471 464
155 359 372 365
156 359 365 354
157 357 359 345
158 467 473 480
159 480 473 481
160 459 465 466
161 462 457 466
162 450 462 453
163 470 464 471
164 470 471 483
165 465 470 475
166 434 427 453
167 434 453 451
168 390 434 402
169 330 333 328
170 349 357 345
171 349 345 335
172 333 332 328
173 328 332 323
174 354 367 356
175 335 343 349
176 471 480 483
177 345 359 354
178 462 466 479
179 427 450 453
180 475 470 483
181 465 475 466
182 322 330 320
183 453 462 468
184 402 434 451
185 390 402 371
186 330 328 320
187 320 328 323
188 356 367 371
189 371 367 390
190 356 371 364
191 354 356 340
192 481 485 489
193 318 322 317
194 466 475 479
195 451 453 468
196 322 320 317
197 317 320 314
198 462 479 468
199 371 402 364
200 323 332 335
201 483 480 488
202 311 318 310
203 489 485 501
204 481 489 480
205 340 356 341
206 354 340 345
207 318 317 310
208 310 317 314
209 468 479 484
210 485 492 501
211 501 492 503
212 451 468 474
213 488 480 489
214 488 489 502
215 483 488 495
216 475 483 487
217 487 483 495
218 487 495 496
219 475 487 479
220 304 311 301
221 323 335 326
222 311 310 301
223 301 310 299
224 335 345 326
225 356 364 341
226 341 364 347
227 489 501 502
228 402 451 426
229 426 451 474
230 402 426 364
231 340 341 327
232 314 320 323
233 495 488 502
234 297 304 295
235 484 479 496
236 468 484 474
237 304 301 295
238 295 301 299
239 503 508 512
240 323 326 309
241 496 495 509
242 487 496 479
243 327 341 329
244 340 327 326
245 292 297 288
246 474 484 497
247 314 323 309
248 314 309 299
249 297 295 288
250 288 295 283
251 345 340 326
252 299 310 314
253 502 501 513
254 508 517 524
255 512 508 524
256 512 524 528
257 503 512 501
258 284 292 279
259 309 326 315
260 347 364 426
261 341 347 329
262 329 347 331
263 292 288 279
264 279 288 283
265 327 329 312
266 513 501 512
267 513 512 528
268 502 513 509
269 502 509 495
270 496 509 515
271 278 284 270
272 524 517 534
273 517 527 534
274 534 527 539
275 497 496 515
276 474 497 477
277 426 474 477
278 284 279 270
279 270 279 265
280 315 326 327
281 315 327 312
282 315 312 289
283 309 315 289
284 283 295 299
285 312 329 331
286 513 531 509
287 267 278 262
288 278 270 262
289 262 270 265
290 484 496 497
291 515 509 531
292 528 524 542
293 524 534 542
294 542 534 558
295 259 267 253
296 477 497 505
297 331 347 379
298 267 262 253
299 253 262 245
300 539 552 558
301 283 299 289
302 249 259 241
303 265 279 283
304 531 513 528
305 515 531 538
306 299 309 289
307 259 253 241
308 241 253 245
309 528 542 550
310 505 497 521
311 477 505 482
312 239 249 230
313 552 567 574
314 426 477 428
315 428 477 482
316 426 428 347
317 347 428 379
318 379 428 482
319 331 379 346
320 249 241 230
321 230 241 225
322 558 534 539
323 542 558 566
324 538 531 556
325 515 538 521
326 521 538 545
327 515 521 497
328 289 312 290
329 265 283 269
330 229 239 220
331 567 586 593
332 245 262 265
333 550 542 566
334 528 550 531
335 505 521 533
336 482 505 514
337 574 567 593
338 574 593 600
339 552 574 558
340 239 230 220
341 220 230 212
342 225 241 245
343 230 225 212
344 212 225 207
345 346 379 446
346 331 346 308
347 220 212 200
348 566 558 582
349 600 593 621
350 574 600 582
351 582 600 610
352 545 538 564
353 521 545 533
354 533 545 557
355 557 545 571
356 533 557 537
357 269 283 289
358 265 269 250
359 207 225 221
360 212 207 192
361 290 312 331
362 289 290 271
363 229 220 208
364 586 606 613
365 629 648 652
366 665 679 682
367 696 710 720
368 606 629 634
369 648 665 667
370 679 696 698
371 170 171 147
372 187 193 167
373 217 229 208
374 217 208 197
375 174 181 156
376 201 209 189
377 171 174 150
378 181 187 163
379 193 201 178
380 209 217 197
381 209 197 189
382 189 197 175
383 593 586 613
384 593 613 621
385 621 613 638
386 550 566 576
387 242 223 233
388 77 61 68
389 2 1 3
390 157 132 145
391 25 18 23
392 205 183 194
393 112 93 104
394 47 34 42
395 11 6 9
396 223 205 213
397 132 112 125
398 61 47 55
399 18 11 16
400 183 157 168
401 93 77 85
402 34 25 31
403 6 2 4
404 175 197 190
405 189 175 164
406 505 533 514
407 514 533 537
408 514 537 520
409 520 537 548
410 514 520 491
411 482 514 491
412 482 491 446
413 482 446 379
414 446 491 442
415 442 491 504
416 446 442 346
417 610 600 627
418 582 610 592
419 197 208 190
420 190 208 200
421 190 200 179
422 200 208 220
423 179 200 192
424 190 179 165
425 638 613 634
426 638 634 655
427 634 613 606
428 655 634 652
429 655 652 671
430 638 655 660
431 652 634 629
432 671 652 667
433 671 667 686
434 655 671 673
435 667 652 648
436 686 667 682
437 686 682 700
438 671 686 689
439 682 667 665
440 700 682 698
441 700 698 714
442 686 700 702
443 698 682 679
444 714 698 720
445 700 714 718
446 621 638 643
447 768 767 766
448 728 722 711
449 661 654 639
450 614 611 587
451 757 751 742
452 692 685 674
453 632 626 603
454 765 761 759
455 712 703 693
456 646 640 623
457 609 608 579
458 745 737 729
459 677 669 658
460 622 616 595
461 767 765 763
462 722 712 705
463 654 646 630
464 611 609 584
465 751 745 740
466 685 677 666
467 626 622 599
468 761 757 753
469 703 692 683
470 640 632 615
471 737 728 719
472 669 661 647
473 616 614 591
474 571 545 564
475 571 564 590
476 590 564 580
477 571 590 597
478 557 571 581
479 537 557 562
480 548 537 562
481 548 562 572
482 572 562 589
483 548 572 554
484 491 520 504
485 504 520 530
486 530 520 548
487 504 530 511
488 442 504 476
489 308 346 321
490 331 308 290
491 200 212 192
492 600 621 627
493 627 621 643
494 627 643 650
495 650 643 664
496 627 650 633
497 165 179 152
498 190 165 175
499 175 165 151
500 151 165 143
501 175 151 164
502 164 151 142
503 142 151 129
504 164 142 153
505 143 165 152
506 143 152 131
507 131 152 146
508 143 131 120
509 151 143 129
510 129 143 120
511 129 120 109
512 109 120 99
513 129 109 122
514 99 120 111
515 109 99 89
516 122 109 103
517 129 122 142
518 142 122 133
519 133 122 113
520 142 133 153
521 153 133 148
522 148 133 127
523 153 148 167
524 167 148 163
525 163 148 139
526 153 167 178
527 153 178 164
528 167 163 187
529 139 148 127
530 139 127 118
531 118 127 107
532 139 118 137
533 163 139 156
534 178 167 193
535 163 156 181
536 107 127 113
537 107 113 94
538 94 113 103
539 94 103 89
540 103 113 122
541 107 94 88
542 118 107 97
543 137 118 114
544 139 137 156
545 156 137 150
546 150 137 130
547 156 150 174
548 130 137 114
549 130 114 123
550 150 130 147
551 133 113 127
552 146 152 169
553 131 146 126
554 120 131 111
555 111 131 126
556 111 126 106
557 88 94 78
558 107 88 97
559 97 88 81
560 81 88 73
561 97 81 96
562 580 564 556
563 597 590 617
564 73 88 78
565 73 78 62
566 62 78 70
567 73 62 56
568 96 81 82
569 590 580 607
570 571 597 581
571 581 597 605
572 605 597 625
573 581 605 589
574 81 73 67
575 97 96 114
576 582 558 574
577 566 582 592
578 566 592 576
579 564 538 556
580 556 531 550
581 556 550 576
582 556 576 580
583 580 576 601
584 601 576 592
585 580 601 607
586 607 601 628
587 628 601 620
588 607 628 635
589 620 601 592
590 628 620 644
591 635 628 651
592 607 635 617
593 617 635 642
594 62 70 54
595 73 56 67
596 67 56 53
597 53 56 43
598 67 53 66
599 70 78 89
600 56 62 49
601 250 269 251
602 192 207 186
603 673 671 689
604 673 689 690
605 690 689 706
606 673 690 678
607 642 635 657
608 221 225 245
609 271 290 273
610 689 686 702
611 689 702 706
612 706 702 717
613 717 702 718
614 718 702 700
615 717 718 730
616 730 718 736
617 717 730 733
618 706 717 723
619 265 250 245
620 655 673 660
621 660 673 678
622 660 678 664
623 664 678 684
624 684 678 695
625 664 684 670
626 660 664 643
627 660 643 638
628 164 178 189
629 189 178 201
630 617 642 625
631 617 625 597
632 625 642 649
633 207 221 203
634 289 271 269
635 718 714 727
636 727 714 720
637 43 56 49
638 43 49 37
639 37 49 41
640 43 37 33
641 670 684 688
642 695 678 690
643 695 690 708
644 708 690 706
645 708 706 723
646 695 708 713
647 708 723 724
648 724 723 734
649 708 724 713
650 713 724 726
651 726 724 738
652 713 726 716
653 53 43 40
654 664 670 650
655 650 670 656
656 656 670 675
657 650 656 633
658 605 625 637
659 684 695 701
660 41 49 54
661 41 54 48
662 33 37 24
663 698 696 720
664 37 41 30
665 43 33 40
666 171 150 147
667 695 713 701
668 701 713 716
669 701 716 704
670 704 716 721
671 701 704 688
672 688 704 691
673 691 704 709
674 688 691 675
675 675 691 680
676 688 675 670
677 680 691 699
678 675 680 662
679 721 716 731
680 704 721 709
681 709 721 725
682 725 721 735
683 709 725 715
684 735 721 731
685 735 731 741
686 741 731 739
687 735 741 746
688 725 735 742
689 715 725 732
690 709 715 699
691 699 715 707
692 707 715 729
693 699 707 687
694 691 709 699
695 739 731 726
696 739 726 738
697 739 738 748
698 726 731 716
699 748 738 747
700 739 748 749
701 741 739 749
702 741 749 752
703 752 749 758
704 741 752 746
705 746 752 753
706 753 752 759
707 746 753 742
708 759 752 758
709 759 758 763
710 763 758 762
711 746 742 735
712 762 758 755
713 763 762 766
714 753 759 761
715 742 753 757
716 759 763 765
717 758 749 755
718 755 749 748
719 755 748 754
720 754 748 747
721 755 754 762
722 754 747 756
723 747 738 734
724 734 738 724
725 233 223 213
726 233 213 226
727 213 205 194
728 213 194 206
729 589 562 581
730 233 226 246
731 213 206 226
732 226 206 216
733 216 206 195
734 226 216 237
735 194 183 168
736 194 168 184
737 184 168 160
738 194 184 206
739 206 184 195
740 195 184 173
741 173 184 160
742 173 160 149
743 149 160 135
744 173 149 166
745 168 157 145
746 168 145 160
747 160 145 135
748 135 145 125
749 135 125 115
750 125 145 132
751 115 125 104
752 115 104 95
753 104 125 112
754 135 115 128
755 95 104 85
756 95 85 79
757 85 104 93
758 115 95 108
759 79 85 68
760 79 68 63
761 68 85 77
762 63 68 55
763 63 55 50
764 79 63 74
765 55 68 61
766 50 55 42
767 50 42 39
768 63 50 60
769 42 55 47
770 39 42 31
771 39 31 28
772 50 39 46
773 31 42 34
774 28 31 23
775 28 23 20
776 39 28 36
777 23 31 25
778 20 23 16
779 20 16 13
780 28 20 26
781 16 23 18
782 13 16 9
783 13 9 8
784 20 13 21
785 9 16 11
786 8 9 4
787 8 4 5
788 13 8 15
789 4 9 6
790 5 4 3
791 8 5 10
792 95 79 91
793 60 50 46
794 60 46 58
795 63 60 74
796 74 60 72
797 58 46 44
798 60 58 72
799 72 58 69
800 69 58 57
801 72 69 84
802 572 589 598
803 39 36 46
804 46 36 44
805 44 36 35
806 35 36 26
807 26 36 28
808 35 26 27
809 27 26 21
810 27 21 22
811 21 26 20
812 35 27 38
813 22 21 15
814 22 15 17
815 15 21 13
816 27 22 32
817 17 15 10
818 17 10 14
819 10 15 8
820 14 10 12
821 17 14 24
822 22 17 30
823 44 35 45
824 111 106 92
825 548 554 530
826 4 2 3
827 242 233 255
828 106 126 110
829 195 173 191
830 554 572 588
831 40 33 29
832 29 33 24
833 10 5 7
834 7 5 3
835 74 72 87
836 592 610 620
837 511 530 543
838 79 74 91
839 91 74 87
840 91 87 105
841 105 87 101
842 91 105 108
843 108 105 124
844 91 108 95
845 124 105 119
846 108 124 128
847 128 124 144
848 108 128 115
849 144 124 141
850 128 144 149
851 149 144 166
852 166 144 162
853 128 149 135
854 162 144 141
855 162 141 158
856 166 162 185
857 158 141 136
858 162 158 182
859 136 141 119
860 136 119 116
861 119 141 124
862 116 119 101
863 116 101 98
864 98 101 84
865 98 84 83
866 116 98 117
867 136 116 134
868 101 119 105
869 83 84 69
870 83 69 71
871 98 83 100
872 71 69 57
873 71 57 59
874 83 71 90
875 59 57 45
876 59 45 51
877 71 59 75
878 158 136 155
879 162 182 185
880 185 182 202
881 202 182 198
882 185 202 211
883 117 98 100
884 117 100 121
885 121 100 110
886 121 110 138
887 138 110 126
888 121 138 140
889 117 121 140
890 140 138 159
891 687 707 694
892 699 687 680
893 680 687 668
894 610 627 633
895 610 633 620
896 504 511 476
897 476 511 486
898 486 511 522
899 476 486 416
900 182 158 180
901 116 117 134
902 134 117 140
903 649 642 663
904 100 83 90
905 100 90 110
906 625 649 637
907 637 649 659
908 659 649 672
909 637 659 641
910 672 649 663
911 672 663 681
912 681 663 676
913 672 681 693
914 659 672 683
915 641 659 653
916 637 641 618
917 676 663 657
918 681 676 697
919 136 134 155
920 155 134 154
921 154 134 140
922 154 140 159
923 155 154 176
924 179 192 169
925 179 169 152
926 169 192 186
927 712 693 705
928 705 693 681
929 611 584 587
930 587 584 563
931 669 647 658
932 658 647 636
933 563 584 561
934 636 647 624
935 622 595 599
936 599 595 573
937 573 595 570
938 599 573 578
939 27 32 38
940 38 32 48
941 51 45 38
942 38 45 35
943 51 38 48
944 661 639 647
945 647 639 624
946 624 639 612
947 612 639 630
948 612 630 602
949 630 639 654
950 602 630 623
951 602 623 594
952 623 630 646
953 612 602 583
954 594 623 615
955 594 615 585
956 615 623 640
957 585 615 603
958 585 603 578
959 585 578 560
960 560 578 555
961 585 560 569
962 594 585 569
963 594 569 577
964 577 569 551
965 594 577 602
966 602 577 583
967 583 577 559
968 559 577 551
969 559 551 535
970 535 551 526
971 559 535 544
972 583 559 568
973 603 615 632
974 578 603 599
975 599 603 626
976 526 551 547
977 535 526 507
978 544 535 522
979 544 522 543
980 543 522 511
981 559 544 568
982 568 544 543
983 555 578 573
984 555 573 549
985 569 560 547
986 547 560 536
987 569 547 551
988 536 560 555
989 547 536 519
990 519 536 510
991 547 519 526
992 526 519 500
993 500 519 490
994 526 500 507
995 507 500 472
996 472 500 460
997 507 472 486
998 490 519 510
999 490 510 478
1000 478 510 506
1001 490 478 425
1002 500 490 460
1003 460 490 425
1004 460 425 351
1005 351 425 336
1006 460 351 387
1007 336 425 388
1008 351 336 313
1009 387 351 325
1010 460 387 472
1011 472 387 437
1012 437 387 337
1013 472 437 486
1014 337 387 325
1015 337 325 305
1016 305 325 298
1017 337 305 319
1018 437 337 416
1019 437 416 486
1020 298 325 313
1021 298 313 287
1022 287 313 300
1023 298 287 277
1024 305 298 282
1025 319 305 293
1026 337 319 416
1027 506 510 532
1028 478 506 469
1029 425 478 388
1030 388 478 469
1031 388 469 362
1032 300 313 336
1033 287 300 280
1034 277 287 266
1035 298 277 282
1036 282 277 263
1037 263 277 257
1038 282 263 272
1039 257 277 266
1040 257 266 248
1041 248 266 261
1042 257 248 236
1043 263 257 243
1044 272 263 252
1045 282 272 293
1046 293 272 281
1047 281 272 260
1048 293 281 302
1049 261 266 280
1050 261 280 276
1051 276 280 296
1052 261 276 256
1053 248 261 244
1054 236 248 228
1055 257 236 243
1056 243 236 224
1057 224 236 211
1058 243 224 231
1059 231 224 215
1060 243 231 252
1061 252 231 240
1062 240 231 222
1063 252 240 260
1064 252 260 272
1065 260 240 254
1066 254 240 234
1067 260 254 274
1068 296 280 300
1069 296 300 324
1070 324 300 336
1071 296 324 316
1072 276 296 291
1073 256 276 268
1074 261 256 244
1075 244 256 237
1076 244 237 216
1077 237 256 246
1078 237 246 226
1079 234 240 222
1080 254 234 247
1081 260 274 281
1082 281 274 294
1083 294 274 273
1084 281 294 302
1085 302 294 321
1086 321 294 308
1087 583 568 596
1088 274 254 273
1089 624 612 596
1090 305 282 293
1091 319 293 302
1092 745 729 740
1093 740 729 732
1094 740 732 742
1095 732 729 715
1096 740 742 751
1097 685 666 674
1098 674 666 653
1099 653 666 645
1100 674 653 659
1101 641 653 631
1102 118 97 114
1103 722 705 711
1104 711 705 697
1105 697 705 681
1106 697 676 694
1107 697 694 711
1108 728 711 719
1109 719 711 694
1110 616 591 595
1111 595 591 570
1112 570 591 565
1113 565 591 587
1114 565 587 563
1115 565 563 541
1116 587 591 614
1117 541 563 540
1118 565 541 546
1119 570 565 546
1120 570 546 549
1121 549 546 525
1122 525 546 523
1123 549 525 532
1124 692 674 683
1125 683 674 659
1126 767 763 766
1127 703 683 693
1128 693 683 672
1129 677 658 666
1130 666 658 645
1131 645 658 636
1132 645 636 619
1133 619 636 604
1134 645 619 631
1135 680 668 662
1136 737 719 729
1137 729 719 707
1138 166 185 191
1139 166 191 173
1140 191 185 211
1141 191 211 210
1142 210 211 228
1143 210 228 216
1144 210 216 195
1145 210 195 191
1146 668 687 676
1147 59 51 64
1148 32 22 30
1149 84 101 87
1150 84 87 72
1151 584 609 579
1152 442 476 350
1153 126 146 138
1154 549 573 570
1155 325 351 313
1156 109 89 103
1157 717 733 723
1158 723 733 734
1159 252 263 243
1160 228 248 244
1161 562 557 581
1162 555 549 532
1163 555 532 536
1164 536 532 510
1165 316 324 362
1166 99 111 92
1167 99 92 80
1168 80 92 76
1169 99 80 89
1170 89 80 70
1171 76 92 86
1172 80 76 65
1173 41 48 32
1174 733 730 743
1175 486 522 507
1176 296 316 291
1177 291 316 307
1178 307 316 342
1179 291 307 286
1180 48 54 65
1181 336 388 324
1182 236 228 211
1183 90 71 75
1184 476 416 350
1185 350 416 319
1186 146 169 161
1187 321 346 442
1188 198 182 180
1189 198 180 196
1190 196 180 176
1191 198 196 222
1192 215 224 202
1193 215 202 198
1194 215 198 222
1195 215 222 231
1196 651 628 644
1197 159 138 161
1198 176 154 172
1199 546 541 523
1200 523 541 518
1201 518 541 540
1202 518 540 516
1203 523 518 494
1204 516 540 529
1205 518 516 493
1206 494 518 493
1207 494 493 449
1208 523 494 499
1209 493 516 498
1210 449 493 440
1211 494 449 461
1212 675 662 656
1213 656 662 644
1214 644 662 651
1215 211 202 224
1216 506 532 525
1217 644 620 633
1218 362 469 461
1219 635 651 657
1220 657 651 668
1221 668 651 662
1222 540 563 561
1223 540 553 529
1224 81 67 82
1225 155 176 180
1226 78 94 89
1227 469 506 499
1228 45 57 44
1229 44 57 58
1230 388 362 324
1231 617 590 607
1232 642 657 663
1233 307 342 334
1234 250 251 232
1235 256 268 246
1236 62 54 49
1237 732 725 742
1238 631 619 598
1239 598 619 588
1240 342 316 362
1241 54 70 65
1242 612 583 596
1243 291 286 268
1244 271 273 258
1245 604 636 624
1246 604 624 596
1247 604 596 575
1248 575 596 568
1249 604 575 588
1250 588 575 554
1251 203 221 218
1252 276 291 268
1253 86 92 106
1254 106 110 90
1255 106 90 86
1256 86 90 75
1257 86 75 76
1258 76 75 64
1259 76 64 65
1260 65 64 48
1261 186 207 203
1262 286 307 303
1263 273 290 308
1264 525 523 499
1265 525 499 506
1266 645 631 653
1267 641 631 618
1268 618 631 598
1269 605 637 618
1270 605 618 589
1271 619 604 588
1272 251 269 271
1273 80 65 70
1274 688 684 701
1275 287 280 266
1276 30 41 32
1277 598 589 618
1278 687 694 676
1279 24 37 30
1280 543 530 554
1281 242 255 264
1282 264 255 275
1283 275 255 268
1284 264 275 285
1285 285 275 303
1286 535 507 522
1287 75 59 64
1288 158 155 180
1289 255 233 246
1290 255 246 268
1291 572 598 588
1292 694 707 719
1293 254 247 273
1294 499 494 461
1295 247 234 227
1296 461 449 342
1297 561 584 579
1298 442 350 321
1299 440 493 498
1300 172 154 159
1301 286 303 275
1302 286 275 268
1303 307 334 303
1304 146 161 138
1305 161 169 186
1306 161 186 177
1307 177 186 203
1308 161 177 159
1309 159 177 188
1310 188 177 203
1311 159 188 172
1312 172 188 199
1313 199 188 204
1314 172 199 176
1315 204 188 203
1316 204 203 218
1317 204 218 219
1318 219 218 232
1319 232 218 235
1320 219 232 238
1321 235 218 221
1322 235 221 245
1323 235 245 250
1324 235 250 232
1325 204 219 199
1326 238 232 251
1327 238 251 258
1328 219 238 227
1329 227 238 247
1330 258 251 271
1331 258 273 247
1332 258 247 238
1333 449 440 334
1334 334 342 449
1335 64 51 48
1336 764 766 762
1337 344 306 334
1338 743 750 733
1339 553 540 561
1340 727 736 718
1341 730 736 743
1342 227 234 214
1343 214 234 222
1344 227 214 199
1345 756 760 754
1346 754 760 762
1347 498 455 440
1348 440 455 344
1349 306 285 303
1350 750 756 744
1351 529 498 516
1352 579 553 561
1353 760 764 762
1354 747 734 744
1355 744 734 733
1356 747 744 756
1357 750 744 733
1358 499 461 469
1359 633 656 644
1360 114 96 102
1361 302 321 350
1362 303 334 306
1363 676 657 668
1364 196 176 199
1365 19 29 24
1366 66 82 67
1367 7 12 10
1368 14 12 19
1369 40 52 53
1370 53 52 66
1371 102 123 114
1372 82 102 96
1373 123 147 130
1374 575 568 543
1375 24 30 17
1376 362 461 342
1377 543 554 575
1378 319 302 350
1379 228 244 216
1380 199 219 227
1381 214 222 196
1382 214 196 199
1383 14 19 24
1384 308 294 273
1385 334 440 344