    1               0               4               0
    2               0             3.5               0
    3             0.5               4               0
    4               1               4               0
    5               0               3               0
    6     0.998755945      3.50114267               0
    7     0.498755945      3.00114267               0
    8      0.99751189      3.00228535               0
    9               0             2.5               0
   10             1.5               4               0
   11      1.49955243      3.00500168               0
   12     0.999600115      2.50202959               0
   13               0               2               0
   14               2               4               0
   15      0.50084417      2.00088692               0
   16      2.00079649      3.50385901               0
   17      2.00159298      3.00771802               0
   18      1.00168834      2.00177383               0
   19      1.50463296      2.00658404               0
   20      2.00458528      2.50955613               0
   21               0             1.5               0
   22             2.5               4               0
   23      1.00167611      1.49759479               0
   24      2.50537829      3.00355232               0
   25      2.00757759      2.01139424               0
   26               3               4               0
   27               0               1               0
   28      0.50083194     0.996707876               0
   29       3.0045818      3.49969331               0
   30      1.00166388     0.993415751               0
   31      3.00916361      2.99938663               0
   32      2.00623561      1.50525627               0
   33      2.51347269      2.00514719               0
   34      1.50327876     0.996267021               0
   35       3.0142657      2.49914338               0
   36             3.5               4               0
   37               0             0.5               0
   38      2.00489364      0.99911829               0
   39       3.0193678      1.99890014               0
   40      1.00083194     0.496707876               0
   41      3.50741409      2.99853097               0
   42      2.50980049     0.997083774               0
   43      3.01703757       1.4969747               0
   44               4               4               0
   45               0               0               0
   46             0.5               0               0
   47      2.00244682     0.499559145               0
   48      4.00283229      3.49883766               0
   49       3.5135957      1.99576163               0
   50               1               0               0
   51      4.00566457      2.99767531               0
   52      3.01470734     0.995049258               0
   53             1.5               0               0
   54      4.00674409      2.49514921               0
   55               2               0               0
   56       4.0078236      1.99262311               0
   57             4.5               4               0
   58      4.50566783      2.99818341               0
   59      3.00735367     0.497524629               0
   60      3.51346939     0.995320421               0
   61             2.5               0               0
   62      4.01002752      1.49410735               0
   63      4.50703257      1.99658559               0
   64               5               4               0
   65               3               0               0
   66      4.01223145     0.995591584               0
   67      5.00283554      3.49934575               0
   68      5.00567108      2.99869151               0
   69       5.0059563      2.49961979               0
   70             3.5               0               0
   71      4.00611572     0.497795792               0
   72      5.00624153      2.00054807               0
   73      4.50738383     0.992827293               0
   74             5.5               4               0
   75       5.5032101      3.00099056               0
   76      5.00438887      1.49530554               0
   77               4               0               0
   78      5.00253621     0.990063001               0
   79      5.49953273      1.99833975               0
   80               6               4               0
   81             4.5               0               0
   82      6.00037456      3.50164481               0
   83      6.00074913      3.00328961               0
   84      5.00126811     0.495031501               0
   85      5.99678653      2.49971052               0
   86      5.50008165     0.992713098               0
   87      5.99282393      1.99613143               0
   88               5               0               0
   89      5.99522551      1.49574731               0
   90             6.5               4               0
   91      6.49704735      3.00412797               0
   92       5.9976271     0.995363194               0
   93      6.49407668      1.99761023               0
   94             5.5               0               0
   95      5.99881355     0.497681597               0
   96               7               4               0
   97      6.99667279      3.50248316               0
   98      6.99334558      3.00496633               0
   99      6.99433751      2.50202768               0
  100      6.49638767     0.995310769               0
  101               6               0               0
  102      6.99532944      1.99908903               0
  103      6.99523884      1.49717368               0
  104             7.5               4               0
  105      7.49667279      3.00248316               0
  106      6.99514824     0.995258343               0
  107             6.5               0               0
  108      7.49766472      1.99954451               0
  109      6.99757412     0.497629172               0
  110               8               4               0
  111               8             3.5               0
  112               7               0               0
  113               8               3               0
  114      7.49757412     0.997629172               0
  115               8             2.5               0
  116               8               2               0
  117               8             1.5               0
  118             7.5               0               0
  119               8               1               0
  120               8             0.5               0
  121               8               0               0
 


1 112 121 119 106 118 120 114 109
2 113 110 96 98 111 104 97 105
3 4 1 5 8 3 2 7 6
4 27 45 50 30 37 46 40 28
5 101 112 106 92 107 109 100 95
6 116 113 98 102 115 105 99 108
7 119 116 102 106 117 108 103 114
8 14 4 8 17 10 6 11 16
9 13 27 30 18 21 28 23 15
10 5 13 18 8 9 15 12 7
11 88 101 92 78 94 95 86 84
12 96 80 83 98 90 82 91 97
13 26 14 17 31 22 16 24 29
14 50 55 38 30 53 47 34 40
15 77 88 78 66 81 84 73 71
16 80 64 68 83 74 67 75 82
17 44 26 31 51 36 29 41 48
18 64 44 51 68 57 48 58 67
19 55 65 52 38 61 59 42 47
20 65 77 66 52 70 71 60 59
21 8 18 25 17 12 19 20 11
22 18 30 38 25 23 34 32 19
23 38 52 39 25 42 43 33 32
24 17 25 39 31 20 33 35 24
25 52 66 56 39 60 62 49 43
26 31 39 56 51 35 49 54 41
27 66 78 72 56 73 76 63 62
28 51 56 72 68 54 63 69 58
29 83 68 72 87 75 69 79 85
30 72 78 92 87 76 86 89 79
31 98 83 87 102 91 85 93 99
32 102 87 92 106 93 89 100 103
