    1               8               0              
    2               8               1               
    3               7               0               
    4               6               0               
    5               8               2               
    6      6.99495801      2.00285089               
    7      5.99495801      1.00285089               
    8      5.98991602      2.00570178               
    9               5               0               
   10               8               3               
   11      5.99495801      3.00285089               
   12      4.99184001      2.00477933               
   13               8               4               
   14               4               0               
   15               7               4               
   16        3.996882      1.00192844              
   17               6               4               
   18        3.993764      2.00385687               
   19               3               0               
   20               5               4               
   21        3.996882      3.00192844               
   22      3.00112241      1.99891855               
   23               4               4               
   24               2               0               
   25      2.00424041     0.996990117               
   26      2.00848082      1.99398023               
   27               3               4              
   28      2.00424041      2.99699012               
   29               1               0               
   30               2               4               
   31      1.00424041      1.99699012               
   32               0               0               
   33               1               4               
   34               0               1               
   35               0               2               
   36               0               3               
   37               0               4               