    1               8               0               
    2               6               0               
    3               8               2               
    4      5.98991602      2.00570178               
    5               4               0               
    6               8               4               
    7               6               4               
    8        3.993764      2.00385687               
    9               4               4               
   10               2               0               
   11      2.00848082      1.99398023               
   12               2               4               
   13               0               0               
   14               0               2               
   15               0               4               