1 1 5 9 6 2 7 8 3 4
2 117 159 161 124 136 160 145 120 138
3 5 16 21 9 10 17 14 7 11
4 84 117 124 89 102 120 105 85 103
5 16 33 36 21 23 34 27 17 24
6 55 84 89 60 69 85 73 58 72
7 33 55 60 36 43 58 47 34 45
8 864 893 907 884 878 898 896 874 886
9 838 864 884 860 852 874 872 848 862
10 805 838 860 831 822 848 846 819 835
11 768 805 831 798 789 819 817 785 799
12 743 768 798 770 756 785 786 757 769
13 721 743 770 744 733 757 758 734 745
14 704 721 744 720 713 734 732 711 723
15 685 704 720 697 693 711 709 691 703
16 668 685 697 678 677 691 687 675 682
17 649 668 678 663 659 675 669 656 666
18 628 649 663 642 640 656 651 636 647
19 614 628 642 623 622 636 632 618 627
20 594 614 623 609 607 618 616 604 613
21 576 594 609 588 586 604 600 582 593
22 560 576 588 572 568 582 580 566 575
23 537 547 536 523 541 540 529 530 535
24 547 560 572 558 553 566 565 551 559
25 522 537 523 499 528 530 512 511 521
26 497 522 499 477 509 511 486 485 495
27 474 497 477 454 482 485 464 463 471
28 453 474 454 430 462 463 441 440 451
29 429 453 430 408 439 440 418 417 428
30 407 429 408 385 416 417 399 398 406
31 383 407 385 360 396 398 372 371 381
32 355 383 360 335 368 371 346 345 356
33 334 355 335 309 344 345 324 322 333
34 308 334 309 286 320 322 299 296 307
35 288 308 286 262 298 296 270 272 283
36 265 288 262 237 276 272 248 252 261
37 242 265 237 216 255 252 223 230 238
38 221 242 216 193 234 230 202 208 218
39 201 221 193 173 213 208 182 188 198
40 161 175 132 124 168 152 128 145 147
41 185 201 173 148 195 188 156 170 176
42 175 185 148 132 178 170 137 152 157
43 940 943 939 929 942 941 934 935 938
44 801 754 759 806 776 755 779 804 777
45 907 922 903 884 915 913 894 896 905
46 933 940 929 918 937 935 924 926 931
47 922 933 918 903 928 926 911 913 920
48 754 702 705 759 729 701 735 755 730
49 702 391 394 705 633 390 639 701 630
50 391 279 278 394 317 277 316 390 313
51 279 227 225 278 250 224 249 277 247
52 939 932 917 929 936 925 923 934 930
53 810 806 759 763 808 779 760 788 782
54 932 921 901 917 927 912 909 925 919
55 821 810 763 773 814 788 766 794 790
56 921 906 881 901 914 895 891 912 904
57 830 821 773 787 825 794 775 809 800
58 906 888 861 881 897 875 871 895 885
59 844 830 787 803 837 809 793 826 818
60 888 873 840 861 882 859 851 875 866
61 857 844 803 823 850 826 811 839 834
62 873 857 823 840 863 839 833 859 849
63 18 6 9 22 12 8 15 20 13
64 227 187 186 225 206 184 205 224 204
65 38 18 22 41 28 20 30 39 29
66 187 142 140 186 165 139 164 184 163
67 66 38 41 67 51 39 53 64 50
68 142 100 101 140 119 98 118 139 116
69 100 66 67 101 81 64 82 98 80
70 547 558 552 536 551 555 545 540 549
71 558 572 574 552 565 573 563 555 564
72 572 588 595 574 580 592 585 573 584
73 588 609 612 595 600 610 605 592 601
74 609 623 626 612 616 624 620 610 617
75 623 642 646 626 632 643 638 624 634
76 642 663 661 646 651 662 654 643 652
77 663 678 680 661 669 679 672 662 670
78 678 697 699 680 687 698 690 679 688
79 697 720 726 699 709 724 715 698 712
80 720 744 764 726 732 751 746 724 740
81 744 770 795 764 758 784 778 751 767
82 770 798 827 795 786 815 813 784 796
83 798 831 854 827 817 843 841 815 829
84 831 860 880 854 846 870 868 843 856
85 860 884 903 880 872 894 892 870 883
86 759 705 710 763 735 707 739 760 736
87 918 929 917 900 924 923 908 910 916
88 903 918 900 880 911 910 890 892 902
89 773 763 710 722 766 739 717 748 742
90 705 394 420 710 639 403 660 707 648
91 89 124 132 96 105 128 114 93 109
92 917 901 876 900 909 889 887 908 899
93 880 900 876 854 890 887 865 868 877
94 132 148 115 96 137 131 107 114 122
95 148 173 135 115 156 154 127 131 143
96 173 193 166 135 182 180 151 154 167
97 193 216 197 166 202 203 181 180 192
98 216 237 220 197 223 228 207 203 217
99 237 262 246 220 248 256 235 228 239
100 262 286 274 246 270 281 260 256 267
101 286 309 300 274 299 305 287 281 293
102 309 335 327 300 324 331 310 305 319
103 335 360 348 327 346 354 337 331 343
104 360 385 373 348 372 376 361 354 364
105 385 408 395 373 399 401 384 376 388
106 408 430 415 395 418 423 404 401 410
107 430 454 442 415 441 447 427 423 431
108 454 477 465 442 464 466 452 447 455
109 477 499 491 465 486 494 475 466 480
110 499 523 510 491 512 517 498 494 506
111 523 536 520 510 529 527 516 517 524
112 60 89 96 70 73 93 83 62 77
113 36 60 70 48 47 62 59 42 52
114 9 21 31 22 14 25 26 15 19
115 21 36 48 31 27 42 37 25 32
116 901 881 855 876 891 869 867 889 879
117 854 876 855 827 865 867 842 841 853
118 881 861 832 855 871 847 845 869 858
119 827 855 832 795 842 845 816 813 828
120 861 840 807 832 851 824 820 847 836
121 795 832 807 764 816 820 783 778 797
122 41 22 31 49 30 26 40 44 35
123 394 278 284 420 316 280 328 403 321
124 278 225 236 284 249 233 257 280 254
125 225 186 194 236 205 190 214 233 209
126 186 140 149 194 164 146 174 190 169
127 140 101 108 149 118 104 129 146 123
128 67 41 49 74 53 44 61 71 56
129 101 67 74 108 82 71 91 104 86
130 787 773 722 738 775 748 727 762 753
131 803 787 738 761 793 762 749 780 772
132 840 823 781 807 833 802 792 824 812
133 823 803 761 781 811 780 771 802 791
134 520 536 552 543 527 545 548 533 539
135 722 710 420 505 717 660 443 684 673
136 70 96 115 88 83 107 99 78 92
137 48 70 88 63 59 78 75 54 65
138 31 48 63 49 37 54 57 40 46
139 115 135 110 88 127 125 95 99 111
140 764 807 781 747 783 792 765 752 774
141 726 764 747 714 746 752 728 719 737
142 699 726 714 686 715 719 700 692 708
143 680 699 686 664 690 692 676 674 683
144 661 680 664 644 672 674 657 653 665
145 646 661 644 626 654 653 637 638 645
146 781 761 718 747 771 741 731 765 750
147 761 738 635 718 749 706 689 741 725
148 420 284 303 505 328 294 357 443 340
149 738 722 505 635 727 684 583 706 694
150 74 49 63 90 61 57 76 79 68
151 63 88 110 90 75 95 97 76 87
152 284 236 251 303 257 240 271 294 264
153 236 194 211 251 214 200 229 240 219
154 194 149 162 211 174 155 189 200 179
155 108 74 90 121 91 79 106 112 94
156 149 108 121 162 129 112 144 155 133
157 135 166 141 110 151 153 126 125 134
158 90 110 141 121 97 126 130 106 113
159 166 197 177 141 181 183 158 153 172
160 197 220 212 177 207 215 196 183 199
161 121 141 177 162 130 158 171 144 150
162 162 177 212 211 171 196 210 189 191
163 220 246 241 212 235 243 222 215 231
164 246 274 275 241 260 273 258 243 259
165 274 300 302 275 287 301 291 273 289
166 300 327 330 302 310 329 314 301 312
167 327 348 351 330 337 350 341 329 339
168 348 373 367 351 361 370 358 350 359
169 373 395 386 367 384 389 375 370 380
170 395 415 411 386 404 413 400 389 402
171 415 442 435 411 427 436 422 413 426
172 442 465 460 435 452 461 448 436 450
173 465 491 489 460 475 490 470 461 473
174 491 510 520 489 498 516 504 490 501
175 574 595 587 569 585 590 579 571 581
176 552 574 569 543 563 571 556 548 561
177 595 612 591 587 605 602 589 590 597
178 612 626 598 591 620 615 596 602 611
179 598 626 644 603 615 637 625 599 621
180 587 591 557 569 589 577 562 579 578
181 644 664 608 603 657 641 606 625 631
182 591 598 534 557 596 567 546 577 570
183 543 569 557 532 556 562 542 538 550
184 520 543 532 513 533 538 525 519 526
185 489 520 513 487 504 519 500 488 502
186 460 489 487 458 470 488 468 459 469
187 435 460 458 433 448 459 445 434 446
188 411 435 433 414 422 434 425 412 424
189 386 411 414 374 400 412 392 379 397
190 351 367 386 374 358 375 379 362 369
191 330 351 374 353 341 362 363 342 349
192 664 686 629 608 676 667 619 641 658
193 302 330 353 325 314 342 338 311 326
194 275 302 325 295 291 311 306 282 297
195 686 714 671 629 700 695 655 667 681
196 714 747 718 671 728 731 696 695 716
197 241 275 295 253 258 282 269 245 263
198 212 241 253 211 222 245 232 210 226
199 505 303 332 635 357 315 409 583 377
200 718 635 366 671 689 444 503 696 650
201 303 251 285 332 271 266 304 315 290
202 635 332 285 366 409 304 318 444 347
203 251 211 253 285 229 232 268 266 244
204 285 253 295 366 268 269 323 318 292
205 532 557 534 496 542 546 518 515 531
206 513 532 496 487 525 515 493 500 507
207 534 598 603 484 567 599 544 508 554
208 295 325 393 366 306 352 378 323 336
209 629 671 366 393 655 503 378 478 481
210 603 608 421 484 606 483 449 544 514
211 496 534 484 456 518 508 467 476 492
212 458 487 496 456 468 493 476 457 472
213 433 458 456 414 445 457 432 425 437
214 456 484 421 414 467 449 419 432 438
215 608 629 393 421 619 478 405 483 479
216 393 325 353 421 352 338 382 405 365
217 421 353 374 414 382 363 392 419 387