   1               0               8               0
    2               0      7.71428571               0
    3          0.3125               8               0
    4     0.310115136      7.71253182               0
    5               0      7.42857143               0
    6           0.625               8               0
    7     0.307730272      7.42506365               0
    8     0.620230272      7.71077794               0
    9     0.615460543      7.42155587               0
   10               0      7.14285714               0
   11     0.304276369      7.13842171               0
   12          0.9375               8               0
   13     0.929535589      7.71023502               0
   14     0.608552738      7.13398628               0
   15     0.921571178      7.42047004               0
   16               0      6.85714286               0
   17     0.300822466      6.85177978               0
   18            1.25               8               0
   19     0.910878364      7.13138626               0
   20      1.23884091       7.7096921               0
   21     0.601644933       6.8464167               0
   22      1.22768181       7.4193842               0
   23               0      6.57142857               0
   24     0.295597257      6.56653861               0
   25     0.900185549      6.84230249               0
   26      1.21320399      7.12878625               0
   27     0.591194513      6.56164865               0
   28          1.5625               8               0
   29      1.54854077      7.70831707               0
   30      1.53458154      7.41663413               0
   31      1.19872617      6.83818829               0
   32     0.887389212      6.55673003               0
   33               0      6.28571429               0
   34     0.290372047      6.28129745               0
   35      1.51577471      7.12464082               0
   36     0.580744094      6.27688061               0
   37      1.18358391       6.5518114               0
   38           1.875               8               0
   39      1.85824063      7.70694203               0
   40      1.49696789      6.83264751               0
   41      1.84148126      7.41388407               0
   42     0.874592875      6.27115756               0
   43               0               6               0
   44      1.81834544      7.12049539               0
   45     0.288280811      5.99563398               0
   46      1.48038324      6.54447206               0
   47     0.576561623      5.99126796               0
   48      1.16844166      6.26543451               0
   49      1.79520961      6.82710672               0
   50       2.1668267      7.70513221               0
   51          2.1875               8               0
   52     0.867978486      5.98516619               0
   53      2.14615341      7.41026442               0
   54      1.46379859      6.25629662               0
   55               0      5.71428571               0
   56      2.12096808      7.11494766               0
   57      1.77718256      6.53713272               0
   58     0.286189576      5.70997052               0
   59      1.15939535      5.97906442               0
   60     0.572379152      5.70565532               0
   61      2.09578275       6.8196309               0
   62     0.861364096      5.69917482               0
   63      1.75915552      6.24715873               0
   64      2.47541278      7.70332239               0
   65      1.45110798      5.97011051               0
   66             2.5               8               0
   67      2.45082556      7.40664478               0
   68      2.07430152      6.52683993               0
   69               0      5.42857143               0
   70      1.15034904      5.69269432               0
   71      2.42359072      7.10939993               0
   72     0.285583102      5.42543457               0
   73     0.571166204      5.42229771               0
   74      2.39635589      6.81215509               0
   75      1.74282061      5.96115661               0
   76       2.0528203      6.23404895               0
   77     0.858842753      5.41627015               0
   78      1.43841738      5.68392441               0
   79      2.37142048      6.51654713               0
   80      2.78561708      7.70003531               0
   81          2.8125               8               0
   82      2.75873417      7.40007063               0
   83       1.1465193      5.41024259               0
   84               0      5.14285714               0
   85     0.284976628      5.14089861               0
   86      2.73028926      7.09860301               0
   87      2.03308436      5.94790026               0
   88      1.72648571      5.67515449               0
   89     0.569953257      5.13894009               0
   90      2.34648508      6.22093918               0
   91      2.70184435      6.79713539               0
   92      1.43384872      5.40201262               0
   93     0.856321409      5.13336548               0
   94      2.67381805      6.49662017               0
   95      2.01334842      5.66175158               0
   96      1.14268956      5.12779087               0
   97      2.32334811      5.93464392               0
   98      3.09582139      7.69674824               0
   99      1.72117813      5.39378265               0
  100           3.125               8               0
  101      3.06664277      7.39349647               0
  102               0      4.85714286               0
  103     0.285072263      4.85562099               0
  104      3.03698779      7.08780608               0
  105     0.570144525      4.85409913               0
  106      2.64579175      6.19610496               0
  107      1.42928006      5.12010083               0
  108      3.00733281      6.78211569               0
  109     0.857228976      4.85093343               0
  110      2.30021114      5.64834866               0
  111      2.00455902      5.38138061               0
  112      2.97621562      6.47669322               0
  113      2.61597478       5.9079046               0
  114      1.14431343      4.84776774               0
  115      1.71587055       5.1124108               0
  116      3.40823841      7.69257188               0
  117               0      4.57142857               0
  118      3.37897683      7.38514377               0
  119          3.4375               8               0
  120     0.285167897      4.57034337               0
  121      2.94509843      6.17127074               0
  122      1.43078391      4.84125891               0
  123       3.3502779      7.07138646               0
  124     0.570335794      4.56925818               0
  125      2.28793991      5.36897857               0
  126      2.58615781      5.61970424               0
  127      1.99576962      5.10100963               0
  128     0.858136542      4.56850139               0
  129      3.32157898      6.75762915               0
  130      2.90860146      5.88116528               0
  131       1.7172544      4.83475008               0
  132      1.14593729      4.56774461               0
  133      3.28709866      6.44309463               0
  134      2.56770452      5.34387792               0
  135      2.27566868      5.08960847               0
  136               0      4.28571429               0
  137      1.43228777      4.56241698               0
  138     0.287803143      4.28517169               0
  139      3.72065544      7.68839553               0
  140      3.69131088      7.37679106               0
  141      2.87210448      5.59105982               0
  142            3.75               8               0
  143      1.99810883      4.82582874               0
  144      3.25261835       6.1285601               0
  145     0.575606286      4.28462909               0
  146      3.66356801      7.05496684               0
  147     0.864725854       4.2842507               0
  148      1.71863825      4.55708936               0
  149      3.63582515      6.73314262               0
  150      3.19940394      5.83657629               0
  151      2.54925124      5.06805161               0
  152      1.15384542       4.2838723               0
  153      2.84746914      5.31877728               0
  154      2.27896327      4.81690741               0
  155      3.59798171      6.40949604               0
  156      2.00044805      4.55064786               0
  157      1.44223986      4.28120849               0
  158      3.14618953      5.54459247               0
  159               0               4               0
  160     0.290438389               4               0
  161     0.580876777               4               0
  162      3.56013827      6.08584947               0
  163      4.03492421      7.68539568               0
  164      4.00734842      7.37079136               0
  165          4.0625               8               0
  166      2.82283379      5.04649475               0
  167      2.55135332      4.80094108               0
  168     0.871315166               4               0
  169      3.98376016       7.0406349               0
  170      1.73063429      4.27854468               0
  171      3.49020642       5.7919873               0
  172      3.10994721      5.27810421               0
  173      2.28225786      4.54420635               0
  174      3.96017189      6.71047843               0
  175      1.16175355               4               0
  176      2.01675839      4.27532393               0
  177      3.42027458      5.49812512               0
  178      1.45219194               4               0
  179      3.93583995      6.35514599               0
  180      2.82374336      4.78497474               0
  181      3.07370489      5.01161594               0
  182       2.5534554      4.53383054               0
  183      3.37242529      5.23743113               0
  184      4.34919298      7.68239583               0
  185      1.74263033               4               0
  186      4.32338596      7.36479167               0
  187           4.375               8               0
  188      2.30288248      4.27210317               0
  189      3.91150801      5.99981355               0
  190       4.3039523      7.02630296               0
  191      3.79330927      5.70787187               0
  192      3.06897741      4.75817568               0
  193      2.82465293      4.52345474               0
  194      4.28451864      6.68781425               0
  195      2.03306872               4               0
  196      3.67511053      5.41593019               0
  197        3.324576      4.97673714               0
  198      2.58216111      4.26691527               0
  199       3.6101636      5.16815156               0
  200       4.2736982      6.30079594               0
  201      2.32350711               4               0
  202      3.06424993      4.50473542               0
  203      3.31421146      4.73137662               0
  204      4.66304583      7.68306196               0
  205      4.63859167      7.36612392               0
  206          4.6875               8               0
  207      3.54521667      4.92037293               0
  208      2.86143975      4.26172737               0
  209      4.62270507      7.03586094               0
  210      4.09641212      5.62375644               0
  211      4.26287776      5.91377764               0
  212      3.92994648      5.33373525               0
  213      2.61086683               4               0
  214      4.60681847      6.70559795               0
  215      3.84790192      5.09887198               0
  216      3.30384692       4.4860161               0
  217       3.5264815      4.68931133               0
  218      3.09877512      4.25236771               0
  219      4.60659211      6.35105296               0
  220      3.76585735      4.86400872               0
  221      2.89822656               4               0
  222      4.11166879      5.18772375               0
  223      3.50774632      4.45824972               0
  224      4.97689869      7.68372809               0
  225      4.95379737      7.36745617               0
  226      4.27642785      5.41082389               0
  227               5               8               0
  228      3.73875153      4.64724603               0
  229      4.60636575      5.99650797               0
  230       3.3361105      4.24300805               0
  231      4.02599421      4.98516781               0
  232      4.44118692      5.63392404               0
  233      4.94145784      7.04541892               0
  234      3.13330032               4               0
  235      3.94031962      4.78261187               0
  236       4.9291183      6.72338166               0
  237      3.71164572      4.43048335               0
  238      3.53243826      4.22912486               0
  239      3.90812416      4.58766373               0
  240      4.93948602      6.40130998               0
  241       4.2933911      5.04171224               0
  242      3.36837407               4               0
  243       4.2040865      4.87146363               0
  244      4.73467096      5.71776132               0
  245      4.45644359      5.19789134               0
  246       4.1147819      4.70121503               0
  247      5.27912065      7.68727689               0
  248       3.8759287      4.39271559               0
  249       5.2582413      7.37455377               0
  250             5.3               8               0
  251      4.94985374      6.07923831               0
  252      3.72876602      4.21524167               0
  253      4.61949607      5.35407044               0
  254      5.24441581      7.05603402               0
  255       3.5571302               4               0
  256      4.07749679      4.52808143               0
  257      5.23059031      6.73751426               0
  258      4.41760361      4.90313196               0
  259      4.32945182       4.7614553               0
  260      4.24130004      4.61977865               0
  261      3.88556077      4.19635779               0
  262      4.04021168      4.35494783               0
  263      4.57578416      5.02186279               0
  264      5.23198743      6.42641332               0
  265      3.74588633               4               0
  266        5.028155       5.8015986               0
  267      4.20321634        4.467789               0
  268      4.86297617      5.43901466               0
  269      4.73396472      5.14059362               0
  270      4.16513264      4.31579936               0
  271      5.23338454      6.11531237               0
  272      4.04235552      4.17747391               0
  273      4.45481715      4.65144697               0
  274      4.36781818      4.53834226               0
  275      4.54181612      4.76455168               0
  276      3.89519285               4               0
  277      5.58134261      7.69082568               0
  278      5.56268523      7.38165137               0
  279             5.6               8               0
  280      5.54737378      7.06664912               0
  281      4.32893589      4.40749658               0
  282      4.69512474      4.84583424               0
  283      4.16316678      4.15789968               0
  284      5.53206233      6.75164686               0
  285      5.10645627      5.52395889               0
  286       4.2900536       4.2766509               0
  287      4.45535447      4.46926288               0
  288      4.04449936               4               0
  289      4.53296042      4.56147233               0
  290      5.27319539      5.85887156               0
  291      4.61056637      4.65368177               0
  292      4.97782619      5.19669257               0
  293      4.41915111      4.35589876               0
  294      5.52448884      6.45151665               0
  295      4.84843336      4.92711679               0
  296      4.28397803      4.13832545               0
  297      4.74126707      4.71067531               0
  298      4.16120092               4               0
  299      4.38294774      4.24253463               0
  300      4.54289076       4.4001835               0
  301      4.61110369      4.47149768               0
  302      4.67931662      4.54281186               0
  303      5.51691535      6.15138643               0
  304      5.31300623      5.60243075               0
  305      4.50936632      4.30430093               0
  306      4.87196777      4.76766884               0
  307      4.37560845      4.12126731               0
  308      4.27790247               4               0
  309      4.47584189      4.20841836               0
  310      4.60420934      4.34541092               0
  311       4.7874094      4.57551637               0
  312      4.66178499      4.40463709               0
  313      5.88376049      7.69100094               0
  314      4.71936064      4.46386327               0
  315      5.51823577      5.91614453               0
  316      5.86752099      7.38200188               0
  317             5.9               8               0
  318      5.22168767      5.25279152               0
  319      4.57401198      4.26401981               0
  320      4.36826915               4               0
  321      5.85018092      7.06499097               0
  322      4.46723886      4.10420918               0
  323      5.09267622      4.95437048               0
  324      4.54381462       4.1826287               0
  325      4.89550217      4.60822089               0
  326      4.80879584      4.48347849               0
  327      4.66552792      4.29063833               0
  328      5.83284086      6.74798006               0
  329       4.7124663      4.33777651               0
  330      4.75940467      4.38491468               0
  331      4.63865764      4.22373868               0
  332      5.51955619      5.68090262               0
  333      4.53595872      4.09131435               0
  334      4.45863584               4               0
  335      4.61178735      4.15683903               0
  336      5.06109813      4.76984476               0
  337      4.70677842      4.25562721               0
  338      4.89823104      4.50309371               0
  339      4.74530217      4.29469954               0
  340      5.81506497      6.43444675               0
  341      4.78382592      4.33377187               0
  342      4.83018229      4.39144061               0
  343      4.68452799      4.19636602               0
  344      4.52810282               4               0
  345      4.60467857      4.07841952               0
  346      4.66227757      4.13710483               0
  347       5.4781422      5.39096382               0
  348      4.74802891       4.2206161               0
  349      4.84013706      4.33616622               0
  350      4.77813804      4.25162257               0
  351      4.80824716      4.28262905               0
  352      5.02952005      4.58531903               0
  353      4.90095991      4.39796653               0
  354      4.73039835      4.16899337               0
  355       4.5975698               4               0
  356      4.65647453      4.06855242               0
  357      5.79728908      6.12091344               0
  358      4.82012788      4.25184526               0
  359      4.79884992      4.22444066               0
  360      4.71276779      4.11737064               0
  361      4.77757196      4.19703605               0
  362      4.85009183      4.28089182               0
  363       4.8964482      4.33856056               0
  364      4.76384836      4.15086754               0
  365      5.00662761      4.47028409               0
  366      5.33691907      4.98162416               0
  367       4.8320086      4.22106148               0
  368      4.65067148               4               0
  369      4.85321397      4.24748613               0
  370       4.8195618      4.19725874               0
  371      4.70827048      4.05868532               0
  372      4.75012476      4.10469903               0
  373      4.80711501      4.17345599               0
  374       4.8919365       4.2791546               0
  375      4.85633611      4.21408044               0
  376      4.79729837      4.13274171               0
  377       5.7659429      5.82502477               0
  378       5.2502285      4.77202067               0
  379      4.88630006      4.24312699               0
  380      4.84508214      4.18603849               0
  381      4.74715754      4.05234951               0
  382      4.98373518      4.35524914               0
  383      4.70377317               4               0
  384      4.83382818      4.15799655               0
  385      4.78748174      4.09202742               0
  386      4.88066362      4.20709939               0
  387      4.95975254      4.30090668               0
  388      4.82538646      4.12059753               0
  389      4.87060249      4.17481825               0
  390      6.18617837      7.69117619               0
  391             6.2               8               0
  392       4.9357699      4.24656421               0
  393      5.16353792      4.56241718               0
  394      6.17235675      7.38235239               0
  395      4.86054135       4.1425371               0
  396      4.74419031               4               0
  397      4.92153917      4.21721203               0
  398       4.7860446      4.04601371               0
  399      4.81694474      4.08319851               0
  400      4.90730845      4.18785984               0
  401      4.85347454      4.10845335               0
  402      4.89578432      4.15837005               0
  403      6.15298807      7.06333282               0
  404       4.8842602      4.12888026               0
  405      5.11502418      4.43747446               0
  406      4.81610681      4.04159925               0
  407      4.78460746               4               0
  408      4.84640774      4.07436959               0
  409      5.73459672      5.52913611               0
  410       4.8771987      4.09762732               0
  411      4.93395328      4.16862029               0
  412      4.95677829      4.19129706               0
  413      4.92096616      4.14192185               0
  414       4.9796033      4.21397383               0
  415      4.90797905      4.11522342               0
  416      4.81526889               4               0
  417      4.84616903       4.0371848               0
  418       4.8701372      4.06637438               0
  419      5.02305687      4.26325279               0
  420       6.1336194      6.74431325               0
  421      5.06651045      4.31253175               0
  422      4.94689295      4.14793235               0
  423      4.90092286       4.0868013               0
  424       4.9638555      4.16662445               0
  425      4.98081805      4.18531656               0
  426      4.93564615      4.12471609               0
  427      4.92439935      4.10149984               0
  428      4.86963489      4.03318719               0
  429      4.84593032               4               0
  430      4.89386667      4.05837917               0
  431      4.91785261      4.07632564               0
  432       5.0015934      4.18343854               0
  433       4.9820328      4.15665928               0
  434      4.97093271      4.14195184               0
  435      4.95983262       4.1272444               0
  436      4.95032614      4.10751033               0
  437      4.99686762      4.16173695               0
  438      5.03633828      4.21303285               0
  439      4.86913258               4               0
  440      4.89310075      4.02918959               0
  441      4.91130588      4.05115143               0
  442      4.94081966      4.08777627               0
  443       6.1056411      6.41737685               0
  444      5.64327816      5.17949688               0
  445      4.99214185      4.14003535               0
  446      4.98166027      4.12580922               0
  447      4.93478237      4.06584997               0
  448      4.97117869      4.11158309               0
  449      5.07108316      4.24262717               0
  450      4.96214055      4.09434427               0
  451      4.91058252      4.02557571               0
  452       4.9531024      4.07710544               0
  453      4.89233483               4               0
  454      4.92874508      4.04392368               0
  455       4.9475328      4.05788414               0
  456       5.0235835      4.15290325               0
  457      5.01291719      4.13815734               0
  458      5.00225089      4.12341142               0
  459      4.99238782       4.1096666               0
  460      4.98252476      4.09592178               0
  461      4.97395495       4.0811782               0
  462      4.90985916               4               0
  463      4.92806429      4.02196184               0
  464      4.94196319      4.03866285               0
  465      4.96538514      4.06643462               0
  466      4.96028322      4.04991831               0
  467      5.04961968      4.16281292               0
  468      5.00757005      4.10562912               0
  469      4.99878649      4.09381866               0
  470      4.99000293      4.08200819               0
  471      4.94128175      4.01933142               0
  472      5.01779061      4.11592328               0
  473      4.98210147      4.06977236               0
  474      4.92738349               4               0
  475          4.9742      4.05753653               0
  476      5.02801118      4.12621745               0
  477       4.9551813      4.03340201               0
  478      5.26203265      4.45033857               0
  479      5.19955963       4.3529688               0
  480       4.9698144      4.04352313               0
  481       5.3724028      4.60365476               0
  482       4.9406003               4               0
  483      5.13708662      4.25559903               0
  484      5.07565587      4.17272259               0
  485      4.95449921        4.016701               0
  486      4.96542879      4.02950974               0
  487       5.0128892      4.08784681               0
  488      5.00518515      4.07797071               0
  489      4.99748111      4.06809461               0
  490      4.99024798      4.05836652               0
  491      4.98301486      4.04863844               0
  492      5.04842482      4.13038838               0
  493      5.02266403      4.09368923               0
  494      4.97934558      4.03712796               0
  495      4.96460158      4.01475487               0
  496      5.03243886      4.09953164               0
  497      4.95381712               4               0
  498      4.98856804      4.04301653               0
  499      4.97567629      4.02561747               0
  500      5.01543123      4.07554997               0
  501      4.99561618      4.04958585               0
  502      5.00904778      4.06585257               0
  503      5.48277295      4.75697094               0
  504      5.00266432      4.05615517               0
  505      6.07766281      6.09044044               0
  506      4.98589743      4.03301999               0
  507      5.02364075      4.07790302               0
  508      5.06883846      4.13455931               0
  509      4.96377437               4               0
  510      4.99412121      4.03739463               0
  511      4.97470395      4.01280874               0
  512      4.98322683      4.02302345               0
  513      5.01797327      4.06325314               0
  514      5.12151182      4.19841301               0
  515      5.03185027      4.08025606               0
  516      5.00098437      4.04080518               0
  517      4.99244929      4.02891203               0
  518      5.04722995      4.09796383               0
  519       5.0129104      4.05373443               0
  520      5.00784753      4.04421573               0
  521      4.98222693      4.01151173               0
  522      4.97373161               4               0
  523      4.99077738      4.02042944               0
  524      4.99928123      4.03044312               0
  525      5.02461748      4.06211681               0
  526      5.02023458      4.05093875               0
  527      5.00611316      4.03197421               0
  528      4.98122703               4               0
  529      4.99757809      4.02008107               0
  530      4.98974991      4.01021472               0
  531      5.04341508      4.07708633               0
  532      5.03126169      4.06098048               0
  533      5.01585167      4.03976069               0
  534      5.06202105      4.09639602               0
  535      4.99596966      4.01004053               0
  536       5.0043788       4.0197327               0
  537      4.98872245               4               0
  538      5.02755875      4.04814307               0
  539      5.01325806      4.02873348               0
  540       5.0021894      4.00986635               0
  541      4.99436123               4               0
  542       5.0396002      4.05620882               0
  543      5.02385582      4.03530565               0
  544      5.10593703      4.14122698               0
  545      5.01066444      4.01770626               0
  546      5.05497988      4.07391659               0
  547               5               4               0
  548      5.02040295      4.02549274               0
  549       5.0080246      4.00970199               0
  550      5.03494091      4.04314253               0
  551      5.00538477      4.00169772               0
  552      5.01695008      4.01567983               0
  553               5      3.99415583               0
  554      5.09082018      4.10872146               0
  555      5.01385981      4.00953764               0
  556      5.03028162      4.03007624               0
  557      5.04793871      4.05143716               0
  558      5.01076953      4.00339545               0
  559      5.00653201       3.9965534               0
  560               5      3.98831166               0
  561      5.02625148      4.02071075               0
  562      5.04232307      4.03814199               0
  563      5.02222133      4.01134526               0
  564      5.01764268      4.00514812               0
  565      5.01306402      3.99895098               0
  566      5.00767926      3.99140909               0
  567      5.07570334      4.07621593               0
  568               5      3.97996075               0
  569      5.03670742      4.02484683               0
  570      5.06486748      4.05774627               0
  571          5.0321      4.01592877               0
  572      5.01535851      3.99450651               0
  573      5.02142555      4.00075861               0
  574      5.02749258       4.0070107               0
  575      5.00916932      3.98384085               0
  576               5      3.97160985               0
  577      5.05403161      4.03927661               0
  578      5.04766266      4.02924905               0
  579       5.0412937       4.0192215               0
  580      5.01833865      3.98772095               0
  581      5.03718481      4.01032814               0
  582      5.01065939      3.97627262               0
  583      6.01365003      5.73390502               0
  584      5.02570729      3.99457787               0
  585      5.03307592      4.00143478               0
  586               5      3.95969039               0
  587      5.04587997      4.01359616               0
  588      5.02131879      3.98093539               0
  589      5.05300225      4.02035611               0
  590      5.04226962      4.00472751               0
  591      5.06012452      4.02711606               0
  592      5.02998903      3.98839713               0
  593      5.01314404      3.96552062               0
  594               5      3.94777093               0
  595      5.03865926      3.99585886               0
  596      5.07475507      4.04157595               0
  597      5.05012155      4.00667183               0
  598      5.08938563      4.05603583               0
  599      5.11280191      4.08288361               0
  600      5.02628808      3.97135086               0
  601      5.03676447       3.9821692               0
  602      5.05797348      4.00861614               0
  603      5.13621818      4.10973138               0
  604      5.01562869      3.95476863               0
  605      5.04724085      3.99298754               0
  606      5.17194049      4.15419885               0
  607               5      3.93078527               0
  608      5.20766279      4.19866632               0
  609      5.03125738      3.96176632               0
  610      5.04353991      3.97594127               0
  611      5.07418146      4.01418005               0
  612      5.05582244      3.99011623               0
  613      5.01918447       3.9396811               0
  614               5       3.9137996               0
  615      5.09038943      4.01974396               0
  616      5.03836894      3.94857694               0
  617      5.05598839      3.96768055               0
  618      5.02274025      3.92459358               0
  619      5.28409509      4.26846314               0
  620      5.07360784      3.98678415               0
  621      5.11912124      4.03982504               0
  622               5      3.88964947               0
  623      5.04548049      3.93538756               0
  624      5.06843686      3.95941982               0
  625      5.14785305      4.05990612               0
  626      5.09139323      3.98345208               0
  627      5.02582277      3.90115242               0
  628               5      3.86549934               0
  629      5.36052738      4.33825997               0
  630       6.4891772      7.69079943               0
  631      5.18974269      4.09005154               0
  632      5.05164554      3.91265538               0
  633             6.5               8               0
  634      5.07334861      3.93413232               0
  635      5.94963725       5.3773696               0
  636      5.02890529      3.87771127               0
  637      5.12544058      3.99676647               0
  638      5.09505168      3.95560926               0
  639       6.4783544      7.38159885               0
  640               5      3.83127307               0
  641      5.23163233      4.12019696               0
  642      5.05781058      3.88992321               0
  643      5.07826035      3.90884483               0
  644      5.15948792      4.01008086               0
  645      5.12315362      3.95905073               0
  646      5.09871012      3.92776645               0
  647      5.03554613      3.84808843               0
  648      6.46228276      7.06323082               0
  649               5      3.79704681               0
  650      5.75787864      4.89765956               0
  651      5.07109226      3.86490379               0
  652      5.09597946      3.89311939               0
  653      5.15125556      3.96249219               0
  654      5.12086666      3.92133499               0
  655       5.4945771      4.43528884               0
  656      5.04218697      3.81846559               0
  657      5.20754489      4.02590423               0
  658      5.31238199      4.16373368               0
  659               5      3.74875927               0
  660      6.44621112      6.74486279               0
  661      5.14302319      3.91490352               0
  662      5.11369856      3.87739394               0
  663      5.08437394      3.83988436               0
  664      5.25560186      4.04172761               0
  665      5.19690844       3.9621486               0
  666      5.05359397      3.77681771               0
  667      5.39313166       4.2072704               0
  668               5      3.70047172               0
  669      5.10718794      3.80487616               0
  670      5.14672996      3.85163457               0
  671      5.62862682      4.53231772               0
  672      5.18627199      3.89839297               0
  673       6.4253283      6.41935951               0
  674      5.24256132      3.96180502               0
  675      5.06500097      3.73516984               0
  676       5.3406689      4.05900422               0
  677               5      3.63277574               0
  678      5.13000194      3.76986795               0
  679      5.17976136      3.82587519               0
  680      5.22952078      3.88188243               0
  681      5.52890488      4.26422964               0
  682      5.08402875      3.67316318               0
  683      5.31992421      3.95777306               0
  684      6.40444548      6.09385623               0
  685               5      3.56507975               0
  686      5.42573595      4.07628083               0
  687       5.1680575      3.71355063               0
  688      5.23361851      3.78504626               0
  689      6.03298434      5.03834817               0
  690      5.29917951      3.85654189               0
  691      5.10305653      3.61115653               0
  692      5.39728709       3.9537411               0
  693               5      3.47100533               0
  694      6.36406125      5.74990902               0
  695      5.66467811      4.32118887               0
  696      5.87247912      4.61582223               0
  697      5.20611306       3.6572333               0
  698      5.28747565      3.74421733               0
  699      5.36883824      3.83120136               0
  700      5.56323267      4.09317043               0
  701      6.79217603      7.69042266               0
  702             6.8               8               0
  703      5.13047778       3.5234009               0
  704               5      3.37693092               0
  705      6.78435205      7.38084532               0
  706      6.32367701       5.4059618               0
  707      6.77157745      7.06312882               0
  708      5.52275468      3.93725026               0
  709      5.26095555      3.57579647               0
  710      6.75880285      6.74541232               0
  711      5.15789903      3.43564527               0
  712      5.37161612      3.67856328               0
  713               5       3.2477737               0
  714       5.7007294      4.11006002               0
  715      5.48227669      3.78133009               0
  716      5.89630341      4.36498896               0
  717       6.7450155      6.42134217               0
  718      6.11633142      4.69932674               0
  719      5.64822227      3.92075942               0
  720      5.31579805      3.49435963               0
  721               5      3.11861649               0
  722      6.73122815      6.09727201               0
  723      5.19326765      3.30517346               0
  724       5.4557566      3.61290922               0
  725      6.37332239      5.07605391               0
  726      5.59571515      3.73145882               0
  727      6.71447246      5.76591301               0
  728       5.9201277      4.11415568               0
  729             7.1               8               0
  730      7.09423575      7.69050379               0
  731      6.12792872      4.40878904               0
  732      5.38653529      3.36257321               0
  733               5      2.94419299               0
  734      5.22863627      3.17470164               0
  735      7.08847151      7.38100759               0
  736      7.07900144       7.0656567               0
  737      5.85720108      3.86761666               0
  738      6.69771677      5.43455401               0
  739      7.06953138      6.75030582               0
  740      5.59040488      3.49182543               0
  741      6.42296777      4.74614601               0
  742      7.05998418      6.43071699               0
  743               5       2.7697695               0
  744      5.45727254       3.2307868               0
  745      5.24443272      2.97966185               0
  746      5.79427446      3.62107765               0
  747      6.13952601      4.11825133               0
  748      7.05043699      6.11112816               0
  749      6.71366045      5.11375965               0
  750      6.43029218      4.44743822               0
  751      5.72505316      3.37074164               0
  752      6.06617989      3.81447391               0
  753      7.03998354      5.78660268               0
  754             7.4               8               0
  755      7.39629548      7.69058493               0
  756               5      2.53935703               0
  757      5.26022916      2.78462205               0
  758      5.48886543       3.0151307               0
  759      7.39259096      7.38116985               0
  760      7.38642543      7.06818458               0
  761      6.72960412      4.79296528               0
  762      7.02953008       5.4620772               0
  763      7.38025991      6.75519931               0
  764      5.99283377      3.51069649               0
  765      6.43761659      4.14873043               0
  766      7.37495287      6.44009181               0
  767      5.76479413      3.11209234               0
  768               5      2.30894456               0
  769      5.26739576      2.54390652               0
  770      5.52045833       2.7994746               0
  771      6.73265564       4.4860874               0
  772      7.03806434      5.14500024               0
  773      7.36964583      6.12498431               0
  774      6.39107152      3.84530954               0
  775      7.36549461      5.80729235               0
  776             7.7               8               0
  777      7.69814774      7.69144631               0
  778      6.04072283      3.20905398               0
  779      7.69629548      7.38289262               0
  780      7.04659859      4.82792328               0
  781      6.73570717      4.17920953               0
  782      7.69321272      7.07255383               0
  783      6.34452645      3.54188866               0
  784      5.80453511      2.85344304               0
  785      5.27456236      2.30319099               0
  786      5.53479152      2.54845601               0
  787      7.36134339      5.48960039               0
  788      7.69012995      6.76221504               0
  789               5      2.02032649               0
  790      7.68747644      6.45081514               0
  791      7.04808227      4.52023465               0
  792      6.71596315      3.87614518               0
  793      7.36246823      5.17624083               0
  794      7.68482292      6.13941523               0
  795      6.08861188      2.90741148               0
  796      5.82294148      2.58605489               0
  797      6.37459146      3.24141558               0
  798      5.54912472      2.29743742               0
  799      5.27978332       2.0197535               0
  800      7.68274731       5.8267231               0
  801               8               8               0
  802      7.04956595      4.21254602               0
  803      7.36359306      4.86288127               0
  804               8      7.69230769               0
  805               5      1.73170842               0
  806               8      7.38461538               0
  807      6.69621912      3.57308083               0
  808               8      7.07692308               0
  809       7.6806717      5.51403096               0
  810               8      6.76923077               0
  811       7.3635089      4.55438189               0
  812      7.03617042      3.90900756               0
  813      6.11109143      2.62365377               0
  814               8      6.46153846               0
  815      5.84134785      2.31866674               0
  816      6.40465648       2.9409425               0
  817      5.55956663      2.01918051               0
  818      7.68123411      5.20350503               0
  819      5.28500427      1.73631601               0
  820       6.7084601      3.27377717               0
  821               8      6.15384615               0
  822               5      1.44309035               0
  823      7.36342473      4.24588251               0
  824      7.02277489       3.6054691               0
  825               8      5.84615385               0
  826      7.68179653       4.8929791               0
  827      6.13357098      2.33989606               0
  828      6.42106422      2.65211388               0
  829      5.85364572      2.03559858               0
  830               8      5.53846154               0
  831      5.57000854      1.74092361               0
  832      6.72070107      2.97447352               0
  833      7.35637769      3.94186994               0
  834      7.68175445      4.58488325               0
  835       5.2899404      1.44725727               0
  836      7.03071279      3.30403476               0
  837               8      5.23076923               0
  838               5      1.15447228               0
  839      7.68171237      4.27678741               0
  840      7.34933065      3.63785737               0
  841      6.14772481      2.05201665               0
  842      6.43747196      2.36328527               0
  843      5.86594359      1.75253042               0
  844               8      4.92307692               0
  845      6.73103701        2.680574               0
  846      5.57988079      1.45142419               0
  847       7.0386507      3.00260042               0
  848      5.29487652      1.15819852               0
  849      7.67818885      3.97093497               0
  850               8      4.61538462               0
  851      7.35296549      3.33429235               0
  852               5     0.865854211               0
  853      6.44935933      2.07191468               0
  854      6.16187864      1.76413723               0
  855      6.74137294      2.38667448               0
  856      5.87624013      1.46144098               0
  857               8      4.30769231               0
  858      7.04559899      2.70553686               0
  859      7.67466532      3.66508253               0
  860      5.58975304      1.16192477               0
  861      7.35660033      3.03072732               0
  862      5.29694052     0.870089609               0
  863               8               4               0
  864               5     0.577236141               0
  865       6.4612467      1.78054409               0
  866      7.67648275      3.35945387               0
  867      6.75099385      2.09181272               0
  868      6.17259947      1.47145777               0
  869      7.05254727       2.4084733               0
  870      5.88653667      1.17035154               0
  871      7.36016097      2.73049972               0
  872      5.59388105     0.874325006               0
  873               8      3.69230769               0
  874      5.29900453     0.581980693               0
  875      7.67830017       3.0538252               0
  876      6.76061476      1.79695096               0
  877      6.47211575      1.48435778               0
  878               5      0.28861807               0
  879      7.06039496      2.11021605               0
  880       6.1833203      1.17877831               0
  881       7.3637216      2.43027213               0
  882               8      3.38461538               0
  883      5.89049634     0.879094148               0
  884      5.59800906     0.586725245               0
  885      7.68008048      2.74986525               0
  886      5.29950226     0.290990346               0
  887      6.77163202       1.4972578               0
  888               8      3.07692308               0
  889      7.06824265      1.81195881               0
  890      6.48298479      1.18817148               0
  891      7.36979607      2.12861939               0
  892      6.18711163     0.883863289               0
  893               5               0               0
  894      5.89445601     0.587836757               0
  895       7.6818608       2.4459053               0
  896      5.59900453     0.293362623               0
  897               8      2.76923077               0
  898             5.3               0               0
  899       7.0774517      1.50914214               0
  900      6.78264929      1.19756464               0
  901      7.37587055      1.82696666               0
  902       6.4875656     0.890505824               0
  903      6.19090296      0.58894827               0
  904      7.68489804      2.14123277               0
  905        5.897228     0.293918379               0
  906               8      2.46153846               0
  907             5.6               0               0
  908      7.08666074      1.20632548               0
  909      7.38327137      1.52102649               0
  910      6.78801957     0.897148359               0
  911      6.49214641     0.592840172               0
  912      7.68793528      1.83656025               0
  913      6.19545148     0.294474135               0
  914               8      2.15384615               0
  915             5.9               0               0
  916      7.09068171     0.904045947               0
  917      7.39067218      1.21508632               0
  918      6.79338986     0.596732074               0
  919      7.69163568      1.52974401               0
  920       6.4960732     0.296420086               0
  921               8      1.84615385               0
  922             6.2               0               0
  923      7.39334385     0.910943536               0
  924      7.09470268     0.601766413               0
  925      7.69533609      1.22292778               0
  926      6.79669493     0.298366037               0
  927               8      1.53846154               0
  928             6.5               0               0
  929      7.39601551     0.606800752               0
  930      7.69667192      0.91701023               0
  931      7.09735134     0.300883207               0
  932               8      1.23076923               0
  933             6.8               0               0
  934      7.69800776     0.611092684               0
  935      7.39800776     0.303400376               0
  936               8     0.923076923               0
  937             7.1               0               0
  938      7.69900388     0.305546342               0
  939               8     0.615384615               0
  940             7.4               0               0
  941               8     0.307692308               0
  942             7.7               0               0
  943               8               0               0