    1               0               2               
    2               0             1.5               
    3           0.625               2               
    4     0.628305345      1.49980638               
    5               0               1               
    6     0.631610691     0.999612756               
    7            1.25               2               
    8      1.25661069      1.49961276               
    9               0             0.5               
   10      1.26322138     0.999225512               
   11     0.628305345     0.499806378               
   12           1.875               2               
   13      1.88122183      1.49955866               
   14      1.25661069     0.499612756               
   15               0               0               
   16           0.625               0               
   17      1.88744366     0.999117313               
   18            1.25               0               
   19      1.88122183     0.499558656               
   20             2.5               2               
   21      2.50583297      1.49950456               
   22      2.51166593     0.999009114               
   23           1.875               0               
   24      2.50583297     0.499504557               
   25           3.125               2               
   26      3.12956234      1.49960296               
   27             2.5               0               
   28      3.13412467     0.999205921               
   29      3.12956234     0.499602961               
   30           3.125               0               
   31            3.75               2               
   32       3.7532917      1.49970136              
   33      3.75658341     0.999402728               
   34       3.7532917     0.499701364               
   35            3.75               0               
   36           4.375               2               
   37      4.37740461      1.49978216               
   38      4.37980921     0.999564317               
   39      4.37740461     0.499782158               
   40           4.375               0               
   41               5               2               
   42      5.00151751      1.49986295               
   43      5.00303502     0.999725905               
   44      5.00151751     0.499862953               
   45               5               0               
   46           5.625               2               
   47      5.62714792       1.4998067               
   48      5.62929585     0.999613399               
   49      5.62714792       0.4998067               
   50           5.625               0               
   51            6.25               2               
   52      6.25277834      1.49975045               
   53      6.25555667     0.999500893               
   54      6.25277834     0.499750446               
   55            6.25               0               
   56           6.875               2               
   57      6.87827891      1.49972567               
   58      6.88155783     0.999451332               
   59      6.87827891     0.499725666               
   60           6.875               0               
   61             7.5               2               
   62      7.50377949      1.49970089               
   63      7.50755899     0.999401771               
   64      7.50377949     0.499700885               
   65             7.5               0               
   66           8.125               2               
   67      8.12814162      1.49985315               
   68      8.13128324     0.999706298               
   69      8.12814162     0.499853149               
   70           8.125               0               
   71            8.75               2               
   72      8.75250374      1.50000541               
   73      8.75500749      1.00001083               
   74      8.75250374     0.500005413               
   75            8.75               0               
   76           9.375               2               
   77      9.37625187      1.50000271               
   78      9.37750374      1.00000541               
   79      9.37625187     0.500002707               
   80           9.375               0               
   81              10               2               
   82              10             1.5               
   83              10               1               
   84              10             0.5               
   85              10               0               