    1               0            1000               0
    2      35.7142857            1000               0
    3               0      964.285714               0
    4      35.7991757      964.183526               0
    5               0      928.571429               0
    6      71.4285714            1000               0
    7      71.5983514      964.081337               0
    8      35.8840656      928.367051               0
    9      71.7681313      928.162674               0
   10               0      892.857143               0
   11      107.142857            1000               0
   12      35.9331432      892.598642               0
   13      107.615177      963.961269               0
   14      71.8662863      892.340142               0
   15      108.087497      927.922537               0
   16      142.857143            1000               0
   17               0      857.142857               0
   18      35.9822207      856.830233               0
   19      143.632003        963.8412               0
   20      108.245588      892.035595               0
   21      71.9644414      856.517609               0
   22      144.406863        927.6824               0
   23      178.571429            1000               0
   24               0      821.428571               0
   25       108.40368      856.148653               0
   26      144.624891      891.731048               0
   27      35.8027895       821.08999               0
   28      179.442534      963.897336               0
   29      71.6055789      820.751408               0
   30       180.31364      927.794672               0
   31      144.842918      855.779696               0
   32      108.066312      820.376595               0
   33      180.596122      891.858167               0
   34               0      785.714286               0
   35      214.285714            1000               0
   36      35.6233582      785.349747               0
   37      215.253066      963.953472               0
   38      71.2467165      784.985208               0
   39      216.220417      927.906944               0
   40      144.527045      820.001781               0
   41      180.878603      855.921663               0
   42      107.728944      784.604537               0
   43      216.567353      891.985286               0
   44               0             750               0
   45             250            1000               0
   46      35.5932205      749.575964               0
   47      250.942759      964.021029               0
   48      180.667892      820.075621               0
   49      144.211171      784.223866               0
   50      216.914289      856.063629               0
   51      71.1864411      749.151927               0
   52      251.885518      928.042057               0
   53       107.32969      748.802307               0
   54      252.328995      892.140923               0
   55      180.457182       784.22958               0
   56       216.80874      820.149461               0
   57               0      714.285714               0
   58      285.714286            1000               0
   59      35.5630828       713.80218               0
   60      286.632452      964.088586               0
   61      143.472939      748.452686               0
   62      252.772472      856.239789               0
   63      71.1261657      713.318647               0
   64      287.550619      928.177171               0
   65      216.703192      784.235293               0
   66      106.930436      713.000076               0
   67      288.090637       892.29656               0
   68      179.538244      748.440136               0
   69      252.541111      820.329582               0
   70      142.734706      712.681506               0
   71               0      678.571429               0
   72      321.428571            1000               0
   73      288.630655      856.415949               0
   74      35.2591633      678.066281               0
   75       322.51122      964.140741               0
   76      70.5183267      677.561134               0
   77      215.603549      748.427586               0
   78      323.593869      928.281481               0
   79       252.30975      784.419375               0
   80      178.619307      712.650692               0
   81      288.273482      820.509703               0
   82      106.217235      677.091852               0
   83       324.27148       892.47612               0
   84      141.916143       676.62257               0
   85       324.94909      856.670758               0
   86      251.125422      748.554863               0
   87               0      642.857143               0
   88      357.142857            1000               0
   89      214.503907      712.619879               0
   90      34.9552438      642.330382               0
   91      287.916309      784.603457               0
   92      358.389988      964.192896               0
   93      69.9104876      641.803622               0
   94      359.637119      928.385792               0
   95      177.463393      676.641514               0
   96      324.376907      820.757524               0
   97      105.504034      641.183627               0
   98      360.452323      892.655679               0
   99      249.941094      712.690352               0
  100      286.647295      748.682141               0
  101       141.09758      640.563633               0
  102      213.010643      676.660458               0
  103      361.267526      856.925566               0
  104      323.804723       784.84429               0
  105               0      607.142857               0
  106      392.857143            1000               0
  107      34.8269389       606.52118               0
  108      394.266251      964.233062               0
  109      69.6538778      605.899504               0
  110      176.307479      640.632335               0
  111      395.675359      928.466124               0
  112      360.480331      821.005345               0
  113       285.37828      712.760825               0
  114       248.22812      676.772086               0
  115      104.908006      605.318882               0
  116      322.368831      748.752121               0
  117      396.583231      892.726229               0
  118      211.517379      640.701037               0
  119      359.693137      785.085124               0
  120      140.162135      604.738261               0
  121      397.491102      856.986334               0
  122               0      571.428571               0
  123      428.571429            1000               0
  124      283.445597      676.883715               0
  125      34.6986339      570.711979               0
  126      320.932939      712.659952               0
  127      430.142514      964.273228               0
  128        175.1039      604.647165               0
  129      396.793916      820.907961               0
  130      69.3972679      569.995386               0
  131      246.515146      640.853821               0
  132      358.090367      748.822102               0
  133      431.713599      928.546456               0
  134      104.311979      569.454137               0
  135      432.714138      892.796779               0
  136      210.045666       604.55607               0
  137       396.09673      784.829588               0
  138       139.22669      568.912889               0
  139      319.014337      676.321735               0
  140      281.512914      641.006604               0
  141      433.714678      857.047102               0
  142      356.487598       712.55908               0
  143               0      535.714286               0
  144      464.285714            1000               0
  145      244.773514      604.829857               0
  146      173.900322      568.661996               0
  147      34.5583308      534.875209               0
  148      466.031928      964.344919               0
  149      394.696389      747.790067               0
  150      433.107501      820.810577               0
  151      69.1166616      534.036132               0
  152      467.778142      928.689838               0
  153      103.824494      533.416646               0
  154      208.573953      568.411103               0
  155      317.095735      639.983517               0
  156      354.583078      675.759754               0
  157      468.885841      892.896896               0
  158      432.500324      784.574053               0
  159      279.501362      605.103645               0
  160      138.532326      532.797161               0
  161      393.296049      710.750546               0
  162       469.99354      857.103954               0
  163      243.031882      568.805894               0
  164      173.185578      532.712059               0
  165               0             500               0
  166             500            1000               0
  167      431.302412      746.758033               0
  168      34.4180276      499.038439               0
  169      469.705509      820.746873               0
  170      501.921343       964.41661               0
  171      352.678557      638.960429               0
  172      314.705026      604.453791               0
  173      68.8360552      498.076877               0
  174      503.842686       928.83322               0
  175      391.095432      672.916762               0
  176      207.838829      532.626957               0
  177      277.489811      569.200686               0
  178      103.337008      497.379155               0
  179      505.057543      892.997013               0
  180      469.417478      784.389793               0
  181      430.104499      708.942013               0
  182      137.837961      496.681433               0
  183      506.272401      857.160807               0
  184      242.132735      532.890267               0
  185      349.908689      603.803938               0
  186      172.470834      496.762122               0
  187      312.314316      568.924066               0
  188      468.698658      745.681983               0
  189      388.894814      635.082978               0
  190               0      464.285714               0
  191      535.714286            1000               0
  192      506.303516      820.683169               0
  193      34.4050407      463.292185               0
  194      537.849814      964.595412               0
  195      427.607785       670.07377               0
  196      68.8100815      462.298656               0
  197      276.426641      533.153577               0
  198      207.103706      496.842811               0
  199      539.985342      929.190825               0
  200      103.333859      461.736593               0
  201      506.334631      784.205532               0
  202      541.169828      893.393444               0
  203      467.979838      706.974173               0
  204      347.138821      568.647446               0
  205       384.64702      600.981662               0
  206      137.857637      461.174529               0
  207      241.233589       496.97464               0
  208      542.354315      857.596064               0
  209      311.081044      533.102608               0
  210      425.111072      631.205528               0
  211      172.364604      461.091028               0
  212      506.094904      744.605933               0
  213      542.763317       821.30783               0
  214               0      428.571429               0
  215      571.428571            1000               0
  216      275.363472      497.106469               0
  217      34.3920539      427.545932               0
  218      466.268087      664.240074               0
  219      573.778284      964.774215               0
  220      380.399226      566.880346               0
  221      206.871571      461.007526               0
  222      68.7841077      426.520435               0
  223      576.127998      929.548429               0
  224      419.385351      598.159387               0
  225      345.735448      533.051639               0
  226       103.33071      426.094031               0
  227      543.172319      785.019596               0
  228      505.855176      705.006333               0
  229      577.282113      893.789875               0
  230      240.988403      461.194515               0
  231      309.847773       497.28115               0
  232      137.877313      425.667626               0
  233      578.436229      858.031321               0
  234      464.556336      621.505975               0
  235      543.429926      746.071063               0
  236      172.258375      425.419933               0
  237      413.659631      565.113247               0
  238      379.312488      532.030079               0
  239      275.105235      461.381503               0
  240      579.223118       821.93249               0
  241               0      392.857143               0
  242      607.142857            1000               0
  243      34.4584019      391.974825               0
  244      451.992714      591.818979               0
  245      344.332074      497.455832               0
  246      504.928388      658.406378               0
  247      609.258985      964.828571               0
  248      206.639437       425.17224               0
  249      68.9168038      391.092507               0
  250      611.375112      929.657141               0
  251      543.687533      707.122531               0
  252      103.489666      390.537259               0
  253      580.010007       785.83366               0
  254      439.429092      562.131983               0
  255      309.426967      461.604377               0
  256      612.783191      894.146096               0
  257      240.743217      425.414389               0
  258      412.889528      531.008519               0
  259      138.062529      389.982011               0
  260       378.22575      497.179812               0
  261      614.191271       858.63505               0
  262      580.764948      747.536194               0
  263      172.546349      389.790276               0
  264        504.0016      611.806422               0
  265      274.846997      425.656538               0
  266      484.600077       585.47857               0
  267      343.748699       461.82725               0
  268      544.168264      662.936329               0
  269      615.218917      822.672747               0
  270      465.198553      559.150719               0
  271               0      357.142857               0
  272      642.857143            1000               0
  273      34.5247499      356.403718               0
  274      207.030169      389.598541               0
  275      441.661686      530.477439               0
  276      644.739685      964.882927               0
  277      69.0494999      355.664579               0
  278       581.51989      709.238728               0
  279      412.119426      496.903791               0
  280      646.622226      929.765853               0
  281       309.00616      425.927603               0
  282      616.246563      786.710444               0
  283      103.648623      354.980487               0
  284      241.308823      390.048165               0
  285       648.28427      894.502317               0
  286      378.063807      461.631451               0
  287      138.247745      354.296395               0
  288      544.648995      618.750128               0
  289      649.946313       859.23878               0
  290      470.433843       529.94636               0
  291      617.233635      749.276366               0
  292      493.928966      550.724436               0
  293      172.834323      354.160619               0
  294      343.165323      426.198669               0
  295      275.587477      390.497789               0
  296      443.894279      498.822896               0
  297      583.408139      667.466281               0
  298      517.424089      571.502512               0
  299      651.214716      823.413004               0
  300      412.378915      461.435653               0
  301      207.420901      354.024842               0
  302               0      321.428571               0
  303      678.571429            1000               0
  304      34.5539116      320.805088               0
  305      680.330634      965.010514               0
  306      618.220707      711.842289               0
  307      309.397612      391.347912               0
  308      69.1078232      320.181604               0
  309      682.089839      930.021029               0
  310       652.48312      787.587228               0
  311      377.901864      426.083091               0
  312      103.933274      319.596727               0
  313      241.874429      354.681941               0
  314      475.669133      500.742001               0
  315      683.670896      894.878663               0
  316      585.296389      625.693833               0
  317      138.758725       319.01185               0
  318      553.939047      578.426574               0
  319      343.207747      392.198036               0
  320      503.257856      515.970301               0
  321      685.251953      859.736297               0
  322      653.702322      751.016538               0
  323      276.327957      355.339039               0
  324      620.194496      671.445264               0
  325      448.734734       459.83205               0
  326      173.651594      318.781507               0
  327      412.638404      425.967514               0
  328      530.846578      531.198601               0
  329      686.602733      824.122776               0
  330      208.544462      318.551165               0
  331      374.952698      393.854072               0
  332      309.789064      356.768221               0
  333               0      285.714286               0
  334      714.285714            1000               0
  335      654.921525      714.445849               0
  336      34.5830733      285.206457               0
  337      715.921583      965.138102               0
  338      69.1661466      284.698629               0
  339      687.953513      788.509254               0
  340      717.557452      930.276204               0
  341      590.454005      585.350636               0
  342      243.806543      319.445461               0
  343      104.217926      284.212967               0
  344      622.168285      631.048239               0
  345      719.057522      895.255009               0
  346      485.090553      458.228448               0
  347      343.250171      358.197403               0
  348        563.2291       538.10302               0
  349      406.697649      395.510108               0
  350      510.908468      479.405502               0
  351      139.269704      283.727305               0
  352      689.209589      752.111186               0
  353      656.980853      675.424247               0
  354      536.726382      500.582556               0
  355      720.557592      860.233814               0
  356      279.068623      320.339758               0
  357      453.575189      420.841204               0
  358      174.468864      283.402396               0
  359      372.003532      361.625052               0
  360      721.990749      824.832547               0
  361      690.465664      715.713117               0
  362      209.668024      283.077487               0
  363      314.615922      322.500605               0
  364       626.28892       591.28024               0
  365      595.611621      545.007438               0
  366               0             250               0
  367             750            1000               0
  368      400.756894      365.052702               0
  369      34.8337467      249.673261               0
  370      751.422503      965.155777               0
  371       659.04018      636.402645               0
  372      723.423906       789.43128               0
  373      69.6674935      249.346521               0
  374      567.384761      503.137336               0
  375      752.845006      930.311553               0
  376      245.738657      284.208982               0
  377      104.924115      248.915321               0
  378      542.606186       469.96651               0
  379      438.594053      379.795554               0
  380      350.163221      324.661453               0
  381       518.55908      442.840702               0
  382      754.180038      895.125652               0
  383      692.370801      677.343749               0
  384      140.180736       248.48412               0
  385      494.511973      415.714894               0
  386      724.716855      753.205833               0
  387       281.80929      285.340477               0
  388      755.515071      859.939751               0
  389      175.561879      248.128909               0
  390      386.888069      331.705679               0
  391      630.409555      551.512242               0
  392      662.123835      597.209845               0
  393       598.04314      505.692117               0
  394      756.859726      824.636145               0
  395      726.009803      716.980386               0
  396       319.44278       288.23299               0
  397      571.540423      468.171653               0
  398      210.943023      247.773697               0
  399      694.275938       638.97438               0
  400      423.612917      338.749904               0
  401               0      214.285714               0
  402      785.714286            1000               0
  403      35.0844202      214.140064               0
  404       758.20438       789.33254               0
  405      786.923423      965.173451               0
  406      70.1688403      213.994414               0
  407      470.490457         364.081               0
  408      247.267048      248.489582               0
  409      788.132559      930.346902               0
  410      105.630304      213.617675               0
  411       357.07627      291.125503               0
  412       727.76075       679.26325               0
  413      789.302554      894.996295               0
  414      557.647891      430.793242               0
  415      759.509805      753.360743               0
  416      665.207489      558.017045               0
  417      632.993965      512.204936               0
  418      141.091767      213.240936               0
  419      283.591074      249.205468               0
  420      790.472549      859.645687               0
  421      697.011949      600.776786               0
  422       600.47466      466.376795               0
  423      401.772605      301.786305               0
  424      176.654895      212.855422               0
  425      791.728702      824.439743               0
  426       760.81523      717.388946               0
  427      729.511696      641.546114               0
  428      543.755359      393.414832               0
  429      321.154514      250.940153               0
  430      212.218023      212.469907               0
  431       446.46894      312.447107               0
  432      792.984855        789.2338               0
  433      821.428571            1000               0
  434               0      178.571429               0
  435      35.3151956      178.638434               0
  436      822.416634        965.0346               0
  437      667.944789      518.717755               0
  438      70.6303913      178.705439               0
  439       699.74796      562.579192               0
  440       248.79544      212.770183               0
  441      635.578374       472.89763               0
  442      823.404697      930.069199               0
  443      762.462631      680.496023               0
  444      106.265762      178.355983               0
  445      358.717954      252.674839               0
  446      824.374284      894.638079               0
  447      794.302755      753.515653               0
  448      731.900063      604.343727               0
  449      596.736702      418.745782               0
  450      141.901133      178.006527               0
  451      518.703893      344.670682               0
  452      285.372858      213.070458               0
  453      825.343871      859.206959               0
  454      177.664984      177.675442               0
  455      400.745985      258.321713               0
  456      764.110033        643.6031               0
  457      795.620656      717.797506               0
  458      826.402721      823.918066               0
  459       702.43324      523.905453               0
  460      670.682089      479.418464               0
  461      213.428835      177.344357               0
  462      322.866248      213.647316               0
  463      734.288431      567.141339               0
  464      827.461571      788.629173               0
  465      635.440545      429.182153               0
  466               0      142.857143               0
  467      857.142857            1000               0
  468      35.5459711      143.136803               0
  469      797.164513      681.728796               0
  470      857.909846      964.895748               0
  471      442.774017      263.968588               0
  472      71.0919422      143.416464               0
  473      249.953578      177.258654               0
  474      493.652426      295.926532               0
  475      766.257099       606.77383               0
  476      858.676835      929.791496               0
  477      106.901221      143.094291               0
  478      592.998744      371.114769               0
  479      360.359637      214.224174               0
  480      828.678612      752.931004               0
  481      859.446013      894.279864               0
  482      142.710499      142.772119               0
  483      286.478321      177.172951               0
  484      860.215192      858.768232               0
  485      705.118521      485.231713               0
  486       798.70837      645.660086               0
  487      736.921692      529.093151               0
  488      178.675073      142.495463               0
  489      674.144387      439.618524               0
  490      829.895652      717.232835               0
  491       861.07674      823.396389               0
  492      768.404165       569.94456               0
  493      399.719365      214.857122               0
  494      566.917328      325.260363               0
  495      635.302715      385.466677               0
  496      323.594559      177.223054               0
  497      214.639648      142.218807               0
  498      861.938288      788.024547               0
  499      831.269477      681.462238               0
  500      800.614134      609.203933               0
  501      485.628578      251.930324               0
  502               0      107.142857               0
  503      892.857143            1000               0
  504      35.9025594        107.3447               0
  505      893.418733      964.525309               0
  506      251.111716      141.747125               0
  507      71.8051187      107.546544               0
  508      893.980323      929.050617               0
  509      739.554952      491.044962               0
  510      863.054468      752.346355               0
  511      360.710797      177.273157               0
  512      708.460478      446.794826               0
  513      439.079093       215.49007               0
  514      107.753468       107.43539               0
  515      894.515705      893.403949               0
  516      540.835913      279.405957               0
  517      770.903277      532.065727               0
  518      143.701817      107.324236               0
  519      832.643301      645.691641               0
  520      677.606686      399.818584               0
  521      287.583785      141.275443               0
  522      895.051086      857.757281               0
  523      802.519899       572.74778               0
  524      864.170648      716.668164               0
  525      621.288941      334.381573               0
  526      179.824728      107.137541               0
  527      895.731839      822.119856               0
  528      398.603883      176.902187               0
  529       324.32287      140.798791               0
  530      215.947639      106.950846               0
  531      834.313301      609.789911               0
  532      896.412592      786.482432               0
  533      742.776568      453.971129               0
  534       865.37444       681.19568               0
  535      655.778942      350.853253               0
  536      597.825453      296.849878               0
  537      773.402389      494.186894               0
  538      477.604729      207.934117               0
  539      711.802435       408.35794               0
  540      528.483139      239.892061               0
  541      252.396737      106.439779               0
  542      928.571429            1000               0
  543               0      71.4285714               0
  544      36.2591476      71.5525973               0
  545      804.884863      535.038303               0
  546       928.92762      964.154869               0
  547      72.5182953      71.6766232               0
  548      897.304043      750.697569               0
  549       436.49697      176.531218               0
  550      929.283811      928.309738               0
  551      361.061956      140.322139               0
  552      108.605715       71.776488               0
  553      929.585396      892.528034               0
  554      866.578232      645.723196               0
  555      690.268942      367.324934               0
  556      574.361965      259.318183               0
  557        835.9833      573.888181               0
  558      144.693134      71.8763527               0
  559      288.845836      105.928712               0
  560      929.886981      856.746329               0
  561      898.195495      714.912706               0
  562      180.974382      71.7796184               0
  563      745.998184      416.897295               0
  564      930.386938      820.843323               0
  565      397.488401      138.947253               0
  566      776.769386      455.590465               0
  567      807.249826      497.328825               0
  568      868.012467      610.375889               0
  569      516.130365      200.378164               0
  570      720.059046      377.602894               0
  571       325.32794      105.442749               0
  572       217.25563       71.682884               0
  573      899.118481      679.319451               0
  574      473.281723      170.934174               0
  575      930.886896      784.940316               0
  576      649.579139      297.648376               0
  577      838.176309       537.44549               0
  578      561.690073      224.406123               0
  579      676.255169       316.23983               0
  580      253.681759       71.132433               0
  581               0      35.7142857               0
  582      964.285714            1000               0
  583      628.733578      268.439392               0
  584      931.553619      749.048782               0
  585      36.4542921      35.7762987               0
  586       964.46381      963.752716               0
  587      361.810044      104.956786               0
  588      433.914846      137.572367               0
  589      72.9085843      35.8383116               0
  590      964.641906      927.505432               0
  591      869.446701      575.028582               0
  592      702.931198      334.831284               0
  593       749.84915      387.880854               0
  594      900.041468      643.726195               0
  595      109.277012       35.888244               0
  596      964.792698      891.289862               0
  597      290.107887      70.5819819               0
  598      607.888018      239.230408               0
  599      780.136383      416.994036               0
  600       145.64544      35.9381763               0
  601      932.220342      713.157249               0
  602      810.762205      457.209801               0
  603      964.943491      855.074291               0
  604      840.369318      501.002799               0
  605      510.066476       165.33713               0
  606      728.315657      346.847848               0
  607       549.01818      189.494064               0
  608      397.525812      103.736889               0
  609      182.110783      35.8898092               0
  610      965.193469       818.79807               0
  611      901.147874      608.638126               0
  612      468.958717      133.934232               0
  613      871.467755      539.852677               0
  614      326.333009       70.086708               0
  615      932.862522      677.443221               0
  616      776.630633       390.80196               0
  617      218.576125       35.841442               0
  618      753.700116      358.864412               0
  619      671.969492      273.650503               0
  620      965.443448      782.521848               0
  621      594.897006      208.920186               0
  622      695.025898      291.889008               0
  623      718.082304      310.127514               0
  624       653.23577      247.992316               0
  625      433.241581      102.516991               0
  626      255.113908      35.5662165               0
  627      902.254281      573.550057               0
  628      362.558131      69.5914342               0
  629      965.776809      746.251363               0
  630      844.066309      464.130571               0
  631      933.504703      641.729194               0
  632               0               0               0
  633            1000            1000               0
  634            1000      963.350563               0
  635      36.6494367               0               0
  636      773.124882      364.609885               0
  637      814.274583      417.090776               0
  638      542.149157      156.943124               0
  639            1000      926.701127               0
  640      73.2988733               0               0
  641       740.79654      323.123287               0
  642      634.502049      222.334129               0
  643      873.488809      504.676772               0
  644      504.002587      130.296097               0
  645            1000       890.05169               0
  646       109.94831               0               0
  647      803.412115      393.723067               0
  648      581.905995      178.609965               0
  649       291.65169      35.2909909               0
  650      966.110171      709.980878               0
  651            1000      853.402253               0
  652      146.597747               0               0
  653      763.510775      336.119061               0
  654      792.549648      370.355358               0
  655      397.563223      68.5265251               0
  656      934.283282      606.900363               0
  657      467.142256       99.951259               0
  658      903.823352      539.539382               0
  659      183.247183               0               0
  660            1000      816.752817               0
  661      621.989502      194.905309               0
  662       328.08897       35.043354               0
  663      966.431261      673.799146               0
  664      782.641305       344.68366               0
  665      694.359845      249.652629               0
  666      713.796627      267.538186               0
  667      847.763301      427.258344               0
  668       733.23341      285.423743               0
  669            1000       780.10338               0
  670       219.89662               0               0
  671      877.370414      471.051342               0
  672      535.280135      124.392184               0
  673      574.231838      148.549118               0
  674      677.737962      227.545239               0
  675      432.568315       67.461616               0
  676      935.061861      572.071533               0
  677      753.277422      299.398727               0
  678      816.208249      371.643479               0
  679      801.771834      353.248259               0
  680      830.644665      390.038699               0
  681      905.392424      505.528707               0
  682      364.526249      34.7957171               0
  683      609.476955       167.47649               0
  684      501.042931      97.3855265               0
  685      256.546057               0               0
  686            1000      743.453943               0
  687      966.752352      637.617414               0
  688       661.11608      205.437849               0
  689      773.321434       313.37371               0
  690      792.157727      324.757435               0
  691            1000      706.804507               0
  692      293.195493               0               0
  693       936.17895      539.226087               0
  694      465.325794      65.9682862               0
  695      399.118275      34.2632626               0
  696      649.081997      180.890433               0
  697      967.141641      603.113519               0
  698      881.252019      437.425912               0
  699      730.119157      248.423229               0
  700      566.557682      118.488271               0
  701       810.99402       336.14116               0
  702       712.52918      231.358471               0
  703      747.709133      265.487987               0
  704      859.758911      399.508289               0
  705      601.638258      139.583076               0
  706      908.387536      473.212768               0
  707      531.692099      93.0835335               0
  708      766.105732      279.490974               0
  709            1000       670.15507               0
  710       329.84493               0               0
  711      697.607024      211.013757               0
  712      829.004383      349.563891               0
  713      784.502332       293.49396               0
  714      637.047914      156.343016               0
  715      682.684867      190.669042               0
  716        433.7103       33.730808               0
  717      937.296039      506.380641               0
  718       967.53093      568.609623               0
  719      847.014746      362.986623               0
  720      498.083274      64.4749564               0
  721      802.716013       305.02774               0
  722      366.494367               0               0
  723            1000      633.505633               0
  724      888.873158      408.977879               0
  725      820.929695       316.56152               0
  726      593.799561      111.689663               0
  727      671.455229      168.112168               0
  728      911.382649      440.896829               0
  729      562.341268      88.7815404               0
  730      762.184855      245.552232               0
  731      746.441686      229.308273               0
  732      629.044677      130.617035               0
  733      968.089475      536.410824               0
  734      465.865116      32.9841431               0
  735      730.698516      213.064313               0
  736      871.754522      371.758234               0
  737      778.934042       259.58322               0
  738      839.219509      328.407307               0
  739      939.404659      475.374194               0
  740      528.104063      61.7748831               0
  741            1000      599.326674               0
  742      400.673326               0               0
  743      795.683229      273.614209               0
  744      717.476085      194.482274               0
  745      660.225591      145.555294               0
  746      857.509324      340.253095               0
  747      813.274299      285.298044               0
  748      704.253655      175.900235               0
  749      968.648019      504.212025               0
  750      830.865369      296.981879               0
  751      498.019932      32.2374782               0
  752      916.846094      412.882969               0
  753      589.326304      83.8001988               0
  754      621.041441      104.891055               0
  755      896.494297      380.529845               0
  756            1000      565.147714               0
  757      434.852286               0               0
  758      693.828461      155.333904               0
  759      941.513279      444.367746               0
  760      775.026428      228.842116               0
  761      558.124853      59.0748099               0
  762      652.513266      121.849641               0
  763      760.686351      213.344236               0
  764      790.776921      242.326102               0
  765      880.429577      348.304929               0
  766      746.346275      197.846356               0
  767      849.434635      307.250723               0
  768      806.527415      255.810087               0
  769      734.284655       180.39823               0
  770      823.480056       267.10241               0
  771      683.403268      134.767573               0
  772       969.70233      474.233266               0
  773      527.505862      30.8874416               0
  774            1000      533.595562               0
  775      466.404438               0               0
  776      868.003901      317.519566               0
  777      722.223034      162.950105               0
  778      840.432697      278.394733               0
  779      616.311341      78.8188572               0
  780      922.309539      384.869108               0
  781      644.800941      98.1439873               0
  782       903.34983      356.356764               0
  783      944.819031      416.788059               0
  784      584.853047      55.9107349               0
  785      712.671377      143.868199               0
  786         787.868         212.132               0
  787      802.196288      225.551907               0
  788      774.448093      197.803712               0
  789      675.981855      113.082246               0
  790      858.516071      287.868215               0
  791      889.104632      324.851625               0
  792            1000      502.043409               0
  793      497.956591               0               0
  794      817.371602      238.005966               0
  795      761.994034      182.628398               0
  796       970.75664      444.254507               0
  797      556.991792      29.5374049               0
  798      833.328958      249.440848               0
  799      750.559152      166.671042               0
  800       703.11972      124.786292               0
  801      876.599445      297.341697               0
  802        640.2561      73.7149981               0
  803      927.328998      360.637564               0
  804      850.000025      259.807586               0
  805      740.192414      149.999975               0
  806      611.581241      52.7466598               0
  807      948.124782      389.208372               0
  808      668.560442      91.3969199               0
  809      910.205363      332.183684               0
  810      526.907661               0               0
  811            1000      473.092339               0
  812      972.409515      417.256232               0
  813      583.564321      27.9553674               0
  814      696.255539      104.653802               0
  815      867.313415      269.061789               0
  816      730.938211      132.686585               0
  817      896.439638      304.161201               0
  818      885.194989      277.163828               0
  819      722.836172      114.805011               0
  820      635.711258       49.286009               0
  821      951.308166      364.918364               0
  822      664.200858       68.611139               0
  823            1000      444.141268               0
  824      555.858732               0               0
  825      932.348456       336.40602               0
  826      689.391359       84.521311               0
  827       916.27983      310.980704               0
  828      610.136849      26.3733299               0
  829      974.062391      390.257957               0
  830      903.568175      284.079011               0
  831      715.920989      96.4318248               0
  832      582.275595               0               0
  833            1000      417.724405               0
  834       954.49155      340.628355               0
  835      659.841275      45.8253581               0
  836      685.297637      63.5064582               0
  837       936.97334      315.005802               0
  838      634.192959      24.6430045               0
  839      975.654083      366.121852               0
  840      922.354298      289.777724               0
  841      710.222276      77.6457021               0
  842            1000      391.307542               0
  843      608.692458               0               0
  844      957.666849        319.0309               0
  845      681.203915      42.4916053               0
  846      941.472912      294.235565               0
  847      705.764435      58.5270884               0
  848      658.249069       22.912679               0
  849      977.245775      341.985746               0
  850       632.67466               0               0
  851            1000       367.32534               0
  852      960.842147      297.433445               0
  853      702.566555      39.1578526               0
  854      978.833424      320.351234               0
  855      679.766173      21.2458027               0
  856            1000      343.343137               0
  857      656.656863               0               0
  858      980.379064       299.35767               0
  859       700.64233      19.6209364               0
  860            1000      321.671569               0
  861      678.328431               0               0
  862             700               0               0
  863            1000             300               0