   1               8               0               
    2            7.75               0               
    3               8            0.25               
    4      7.75190917     0.251858029               
    5               8             0.5               
    6             7.5               0               
    7      7.50381834     0.253716059               
    8      7.75381834     0.503716059               
    9      7.50763667     0.507432118               
   10            7.25               0               
   11               8            0.75               
   12      7.25481399     0.253479562               
   13       7.7550923     0.754597027               
   14      7.25962798     0.506959125               
   15      7.51018459     0.759194054               
   16               8               1              
   17               7               0               
   18      7.00580965     0.253243066               
   19      7.75636626      1.00547799               
   20      7.26296341     0.759691236               
   21      7.01161929     0.506486132               
   22      7.51273251      1.01095599               
   23      7.01574222     0.760188419               
   24               8            1.25               
   25            6.75               0               
   26      7.26629883      1.01242335               
   27      6.75707248     0.253837573               
   28      7.75611232      1.25463459               
   29      6.76414496     0.507675145               
   30      7.51222463      1.25926919               
   31      7.01986515      1.01389071               
   32      6.76866432     0.761872785               
   33      7.26624852      1.26121948               
   34             6.5               0               
   35               8             1.5               
   36      6.50833532     0.254432079               
   37      7.75585838      1.50379119               
   38      6.51667063     0.508864159               
   39      7.51171675      1.50758238               
   40      6.77318368      1.01607042               
   41       7.0202724      1.26316978               
   42      6.52158642      0.76355715               
   43      7.26619821      1.51001562               
   44            6.25               0               
   45               8            1.75               
   46       6.2592121     0.256936202               
   47      6.77518596        1.265398               
   48       7.7562929      1.75362677               
   49       6.5265022      1.01825014               
   50      7.02067966      1.51244886               
   51       6.2684242     0.513872403               
   52       7.5125858      1.75725354               
   53      6.27641954     0.770209286               
   54      7.26594482      1.75861935               
   55      6.53009952      1.26762621               
   56      6.77718825      1.51472557               
   57      6.28441488      1.02654617               
   58               6               0               
   59               8               2               
   60      6.01008889     0.259440324               
   61      7.01930384      1.75998517               
   62      7.75672742      2.00346234               
   63      6.02017777     0.518880648               
   64      7.51345484      2.00692469               
   65      6.53369684      1.51700228               
   66      6.03125266     0.776861421               
   67      6.29088598      1.27602682               
   68      7.26569143      2.00722308               
   69      6.77472318      1.76006752               
   70      6.04232755      1.03484219               
   71      7.01792803      2.00752147               
   72               8            2.25               
   73            5.75               0               
   74      5.76341559     0.262983154               
   75      7.75623378      2.25225953               
   76      5.77683119     0.525966308               
   77      6.29735708      1.52550747               
   78      6.53014251      1.76014988               
   79      7.51246756      2.25451906               
   80      6.05167244      1.28442743               
   81       5.7921793     0.787280916               
   82       6.7722581      2.00540947               
   83      7.26326945      2.25449157               
   84      5.80752742      1.04859552               
   85      6.29716521        1.759996               
   86      7.01407133      2.25446408               
   87      6.06101732      1.53401266               
   88      6.52658818      2.00329747              
   89       5.5167423     0.266525985               
   90             5.5               0               
   91               8             2.5               
   92      7.75574014      2.50105672               
   93      5.53348461     0.533051969               
   94      5.82634396      1.29950718               
   95      7.51148028      2.50211343               
   96      6.76351527      2.25076669               
   97      5.55310595     0.797700412               
   98      7.26084746      2.50176006               
   99      6.06418791      1.75984212               
  100      6.29697333      1.99448452               
  101      5.57272729      1.06234885               
  102       5.8451605      1.55041883               
  103      7.01021464      2.50140668               
  104      6.51295921      2.24706929               
  105      5.60101548      1.31458693               
  106      5.26862949     0.271007586               
  107            5.25               0               
  108               8            2.75               
  109      7.75388404      2.75006572               
  110      5.86583278      1.75683495               
  111      5.28725899     0.542015173               
  112      6.06735849      1.98567157               
  113      6.75477244       2.4961239               
  114      7.50776807      2.75013144               
  115      5.31212564     0.812946604               
  116      6.26939089      2.23030927               
  117      5.62930368        1.566825               
  118      7.25689381      2.74932249               
  119      5.33699228      1.08387804               
  120      5.88650506      1.96325108               
  121      6.49933024      2.49084112               
  122      5.66747765      1.75382779               
  123      7.00601954      2.74851355               
  124       5.3770928       1.3515225               
  125      6.02582258      2.21354924               
  126      5.02051668     0.275489188               
  127               8               3               
  128               5               0               
  129      5.70565162      1.94083058               
  130      7.75202793      2.99907472               
  131      5.04103337     0.550978376               
  132      6.74949299       2.7445025              
  133      6.24180845      2.46613401               
  134      7.50405586      2.99814944               
  135      5.07114533     0.828192797               
  136      5.41719333      1.61916696               
  137      5.79439737      2.15948106               
  138      7.25294016      2.99688493               
  139      5.10125728      1.10540722               
  140      5.49008275      1.86228991              
  141      6.49296644      2.74049144               
  142      7.00182445      2.99562042               
  143      5.98428667      2.44142691               
  144      5.15317013      1.38845807               
  145      5.56297217      2.10541287               
  146       4.7705748     0.278505615               
  147      6.74421354       2.9928811               
  148      6.23345824      2.72342417               
  149               8            3.25               
  150            4.75               0               
  151      5.20508297      1.67150892               
  152       4.7911496      0.55701123               
  153      7.75174364      3.24825334               
  154      7.50348729      3.24650667               
  155      4.81932841     0.839233626               
  156      5.70228969      2.35571104               
  157      7.25234531        3.245686               
  158      5.31268784      1.97075204               
  159      4.84750723      1.12145602               
  160      6.48660263      2.99014177               
  161      5.97395005      2.70635689               
  162      7.00120332      3.24486533               
  163      4.89575387      1.40742318               
  164      5.42029271      2.26999516               
  165      6.22510803      2.98071432               
  166      6.74450098      3.24314761               
  167      4.52063291     0.281522042               
  168      4.94400051      1.69339034               
  169               8             3.5               
  170             4.5               0               
  171      4.54126583     0.563044084               
  172      7.75145936      3.49743195               
  173      5.69846719      2.65010383              
  174      7.50291872      3.49486391               
  175       4.5675115     0.850274456               
  176      7.25175046      3.49448707               
  177      6.48779864      3.24142989               
  178      5.02717648      1.99025224               
  179      4.59375717      1.13750483               
  180      5.96361343      2.97128687               
  181       7.0005822      3.49411024               
  182       4.6383376      1.42638829              
  183      5.42298432      2.59385077               
  184      5.11035245      2.28711414               
  185        6.228573       3.2354137               
  186      6.74478842      3.49341413               
  187      4.68291804      1.71527176               
  188      5.69464469      2.94449662               
  189      4.26788465     0.281684305               
  190            4.25               0               
  191               8            3.75               
  192       4.2857693      0.56336861               
  193      7.75072968      3.74871598               
  194      7.50145936      3.74743195               
  195      4.30855019     0.850060681               
  196      6.48899464      3.49271802               
  197      5.96934736      3.22939752               
  198      7.25087523      3.74724354               
  199      4.74166512      2.00975244               
  200      4.33133108      1.13675275               
  201      5.12902496      2.59945548               
  202       7.0002911      3.74705512               
  203      5.42567594      2.91770638               
  204      4.37037394      1.42876751               
  205      6.23203796      3.49011309               
  206       4.8004122      2.30423312               
  207      5.70536269      3.21285107               
  208      6.74739421      3.74670706               
  209       4.4094168      1.72078227               
  210      4.01513639     0.281846568               
  211               4               0               
  212               8               4               
  213            7.75               4               
  214      4.03027277     0.563693135              
  215             7.5               4               
  216      5.97508128      3.48750817               
  217      6.49449732      3.74635901               
  218      4.04958888     0.849846906               
  219            7.25               4               
  220      4.46199121      2.01789399               
  221      5.14769747      2.91179682               
  222      4.06890498      1.13600068               
  223      5.44137802      3.19630463               
  224       4.8350656      2.60506019               
  225               7               4               
  226      6.24101898      3.74505655               
  227      4.10241027      1.43114673               
  228      5.71608069      3.48120552               
  229      4.51456562      2.31500572               
  230            6.75               4               
  231      4.13591556      1.72629278              
  232      3.76176768     0.279415468               
  233            3.75               0               
  234      5.98754064      3.74375408               
  235      3.77353535     0.558830937               
  236      5.17116925      3.19149738               
  237      4.86971901      2.90588725               
  238             6.5               4               
  239      3.78974092     0.843591796               
  240      5.45708009      3.47490288               
  241       4.1823173      2.02603555               
  242      4.55573298      2.61211694               
  243      3.80594648      1.12835266               
  244            6.25               4               
  245      5.73304034      3.74060276               
  246       3.8338643      1.42425794               
  247      4.22871905      2.32577831               
  248      4.90096049      3.18669014               
  249      5.19464103      3.47119795               
  250               6               4               
  251      4.59690034      2.90922817               
  252      3.86178212      1.72016323               
  253             3.5               0               
  254      3.50839897     0.276984369               
  255      5.47854005      3.73745144               
  256      3.51679794     0.553968738               
  257      3.52989296     0.837336687               
  258      4.27640036       2.6191737               
  259      3.90306441      2.02407038               
  260            5.75               4               
  261      3.54298799      1.12070464               
  262      4.93220196      3.46749302               
  263      4.63466573      3.18722568               
  264      5.22232051      3.73559898               
  265      3.56531834      1.41736916               
  266       3.9443467      2.32797752               
  267      4.32408168      2.91256908               
  268             5.5               4               
  269      3.58764869      1.71403368               
  270            3.25               0               
  271      3.25590871     0.275019467               
  272      3.26181741     0.550038934               
  273      3.99984518      2.62108999               
  274      3.27062017     0.831275099               
  275      4.67243113       3.4652232               
  276      4.96610098      3.73374651               
  277      3.62381152      2.02210521               
  278      4.36837098      3.18776123               
  279      3.27942292      1.11251126               
  280            5.25               4               
  281      4.05534366      2.91420246               
  282      3.29432677      1.40951221               
  283      3.65997436      2.33017674               
  284      4.71121556       3.7326116               
  285      4.41266029      3.46295338               
  286      3.30923062      1.70651316               
  287               3               0               
  288               5               4               
  289      3.00341844     0.273054565               
  290         3.72329      2.62300629               
  291      3.00683689      0.54610913               
  292      4.10532143      3.18945868               
  293      3.01134737     0.825213511               
  294       3.3293926      2.02746805               
  295      3.01585786      1.10431789               
  296      3.78660565      2.91583584               
  297      4.45633014      3.73147669               
  298            4.75               4               
  299       3.0233352      1.40165526               
  300      4.15529919      3.46471489               
  301      3.34955459      2.34842294               
  302      3.84227187      3.19115612              
  303            2.75               0               
  304      3.03081254      1.69899263               
  305      2.75144864     0.269897972               
  306      3.43937439      2.64271491               
  307      2.75289727     0.539795943               
  308      2.75448704     0.813941514               
  309             4.5               4               
  310      4.20264959      3.73235745               
  311       3.5291942      2.93700688               
  312      2.75607681      1.08808709               
  313      3.03497368      2.03283089               
  314      3.89793809       3.4664764               
  315      2.75971984      1.37616473               
  316      3.58885712      3.20720711               
  317            4.25               4               
  318      2.76336286      1.66424237               
  319      3.03913481      2.36666914               
  320             2.5               0               
  321      2.49947883     0.266741378               
  322      3.94896904       3.7332382               
  323      2.49895765     0.533482756               
  324      3.15545878      2.66242354               
  325      2.49762671     0.802669518               
  326      3.64852004      3.47740733               
  327      3.27178275      2.95817793               
  328      2.76057273       1.9679498               
  329      2.49629576      1.07185628               
  330               4               4               
  331      2.49610447      1.35067419               
  332      3.33544237      3.22325809               
  333      2.90131494      2.52547899               
  334      3.69926002      3.73870366               
  335      2.75778259      2.27165723               
  336      2.98029011      2.76743254               
  337      2.49591318      1.62949211               
  338            2.25               0               
  339      2.24857615     0.263825001               
  340      3.39910199      3.48833825               
  341       2.2471523     0.527650001               
  342      3.05926528       3.0093861               
  343      2.24487181     0.792905858               
  344      2.48617178      1.90306871               
  345            3.75               4               
  346      2.24259132      1.05816172               
  347       2.6695789      2.46469218               
  348      3.11090247      3.25708764               
  349      2.76349506      2.68428884               
  350      3.44955099      3.74416913               
  351      2.24117369      1.33066249               
  352      2.80512144      2.87244155               
  353      2.47643038      2.17664532               
  354      3.16253965      3.50478919               
  355      2.23975606      1.60316327               
  356      2.84674781      3.06059427               
  357               2               0               
  358      1.99767348     0.260908623               
  359             3.5               4               
  360      1.99534695     0.521817246               
  361      2.58137521      2.65772713               
  362      1.99211692     0.783142199               
  363      2.43784286      2.40390537               
  364       2.2314299      1.87010814               
  365      2.88636256      3.29091719               
  366      3.20626983      3.75239459               
  367      1.98888688      1.04446715               
  368      2.60604189      2.86193134               
  369      1.98624291      1.31065079               
  370      2.22310374      2.13705301               
  371      2.92597732      3.52124012               
  372      2.63070857      3.06613554               
  373      2.39925535      2.63116542               
  374            3.25               4               
  375      1.98359894      1.57683442               
  376            1.75               0               
  377      1.74722256     0.257784081               
  378      2.19762464      2.37306357               
  379      2.66009624      3.29651399               
  380      1.74444512     0.515568161               
  381      2.40696234      2.85142112              
  382      2.96298866      3.76062006               
  383      1.97668802      1.83714756               
  384      1.74105422     0.773793994               
  385      1.73766332      1.03201983               
  386      2.41466933      3.07167682               
  387      2.68948392      3.52689244               
  388       1.9697771       2.0974607               
  389      2.17214554      2.60907414               
  390      1.73468605      1.29419795               
  391               3               4               
  392      1.73170878      1.55637607               
  393      2.43382992      3.30211079               
  394      2.17659599      2.83759292               
  395      1.95740641      2.34222178               
  396      2.71974196      3.76344622               
  397             1.5               0               
  398      1.49677164     0.254659538               
  399      1.49354328     0.509319077               
  400      1.72631609      1.81529042               
  401      1.48999152     0.764445789               
  402      2.45299052      3.53254475               
  403      2.18104645       3.0661117               
  404      1.94503572      2.58698285               
  405      1.48643976       1.0195725               
  406            2.75               4               
  407       1.7209234      2.07420477               
  408      1.48312919      1.27774511               
  409      2.19549215      3.29883283               
  410      1.94622965      2.82376471               
  411      2.47649526      3.76627238               
  412      1.47981861      1.53591771               
  413      1.71342683      2.32220225               
  414            1.25               0               
  415      1.24714467     0.252764316               
  416      1.47594416      1.79343328               
  417      1.24428935     0.505528633              
  418      2.20993786      3.53155395               
  419      1.94742357      3.06054657               
  420      1.70593025      2.57019972               
  421             2.5               4               
  422       1.2412147     0.758822371               
  423      1.23814006      1.01211611               
  424      1.47206971      2.05094884               
  425       1.2351014      1.26839175               
  426      1.95715438      3.29555486               
  427      2.22996893      3.76577698              
  428      1.70715287      2.81100187               
  429      1.46944724      2.30218272               
  430      1.23206274      1.52466739               
  431       1.9668852      3.53056316               
  432       1.7083755      3.05180401               
  433               1               0               
  434      1.22943261      1.78161344               
  435            2.25               4               
  436     0.997517705     0.250869094               
  437      1.46682478       2.5534166               
  438     0.995035409     0.501738189               
  439     0.992437884     0.753198953               
  440      1.22680247       2.0385595               
  441     0.989840358      1.00465972               
  442      1.71593993      3.28919931               
  443       1.9834426      3.76528158              
  444       1.4680761      2.79823903               
  445     0.987073616      1.25903839               
  446      1.22532399      2.29080221               
  447     0.984306873      1.51341707               
  448      1.72350436       3.5265946               
  449      1.46932743      3.04306146               
  450               2               4               
  451     0.982921054      1.76979361               
  452      1.22384551      2.54304493               
  453            0.75               0               
  454     0.748275773      0.25020899               
  455     0.746551546     0.500417979               
  456     0.744549939     0.751240417               
  457      1.47472547      3.28284375               
  458     0.981535234      2.02617015               
  459      1.73675218       3.7632973               
  460      1.22577355      2.78986646               
  461     0.742548331      1.00206285               
  462     0.740508821       1.2553809               
  463     0.981200737      2.27942171               
  464      1.48012351      3.52262605               
  465      0.73846931      1.50869894              
  466            1.75               4               
  467      1.22770159      3.03668799               
  468      0.98086624      2.53267326               
  469     0.737720777      1.76330998               
  470             0.5               0               
  471     0.499033841     0.249548885               
  472      1.49006176      3.76131302               
  473     0.498067683      0.49909777               
  474      1.23165234      3.27772687               
  475     0.736972243      2.01792102               
  476     0.496661993      0.74928188               
  477     0.983470996      2.78149389               
  478     0.495256304      0.99946599               
  479     0.493944025       1.2517234               
  480     0.736744456      2.27099125               
  481      1.23560308      3.51876574               
  482             1.5               4               
  483     0.986075753      3.03031452               
  484     0.492631747      1.50398081               
  485     0.736516668      2.52406148               
  486     0.492520499      1.75682635               
  487      1.24280154      3.75938287               
  488     0.988579201      3.27260998               
  489            0.25               0               
  490     0.249516921     0.249774442               
  491     0.249033841     0.499548885               
  492     0.492409252      2.00967189               
  493     0.739141919      2.77332246               
  494     0.248330997      0.74964094               
  495     0.247628152     0.999732995               
  496     0.991082649      3.51490544               
  497     0.492288174      2.26256079               
  498            1.25               4               
  499     0.246972013       1.2508617               
  500      0.74176717      3.02258344               
  501     0.246315873       1.5019904               
  502     0.492167096      2.51544969               
  503     0.995541325      3.75745272               
  504      0.24626025      1.75341317               
  505      0.74318708      3.26668838               
  506     0.494812842      2.76515102               
  507               0               0               
  508               0            0.25               
  509     0.246204626      2.00483594               
  510               0             0.5               
  511               0            0.75              
  512      0.74460699      3.51079332               
  513               1               4               
  514               0               1               
  515     0.246144087       2.2562804               
  516     0.497458588      3.01485236               
  517               0            1.25               
  518               0             1.5               
  519     0.246083548      2.50772485             
  520     0.747303495      3.75539666               
  521      0.49779496      3.26076678               
  522               0            1.75               
  523     0.247406421      2.75757551               
  524               0               2               
  525            0.75               4               
  526     0.498131332       3.5066812               
  527               0            2.25               
  528     0.248729294      3.00742618               
  529               0             2.5               
  530     0.499065666       3.7533406               
  531      0.24889748      3.25538339               
  532               0            2.75               
  533             0.5               4               
  534     0.249065666       3.5033406               
  535               0               3               
  536     0.249532833       3.7516703               
  537               0            3.25               
  538            0.25               4               
  539               0             3.5               
  540               0            3.75               
  541               0               4               