    1               0               6               
    2               0             4.5               
    3             2.5               6               
    4               0               3               
    5             2.5               3               
    6               0             1.5              
    7               5               6               
    8               5             4.5               
    9               5               3               
   10               0               0               
   11             2.5               0               
   12               5             1.5               
   13             7.5               6               
   14               5               0               
   15             7.5               3               
   16             7.5               0               
   17              10               6               
   18              10             4.5               
   19              10               3               
   20              10             1.5               
   21              10               0               