1 1 5 9 6 2 7 8 3 4
2 550 637 641 555 597 638 601 553 599
3 5 16 21 9 10 17 14 7 12
4 469 550 555 474 510 553 516 471 511
5 16 34 38 21 24 35 29 17 26
6 396 469 474 403 433 471 438 398 435
7 34 58 61 38 44 59 49 35 46
8 331 396 403 335 363 398 366 333 365
9 58 89 91 61 71 90 75 59 73
10 272 331 335 275 300 333 302 273 301
11 89 124 127 91 105 126 108 90 106
12 215 272 275 219 243 273 247 216 245
13 124 166 170 127 145 167 149 126 146
14 166 215 219 170 191 216 194 167 193
15 2791 2843 2875 2827 2816 2857 2852 2810 2834
16 2741 2791 2827 2776 2766 2810 2803 2759 2784
17 2690 2741 2776 2723 2716 2759 2750 2707 2734
18 2630 2690 2723 2673 2660 2707 2700 2651 2676
19 2572 2630 2673 2618 2599 2651 2646 2594 2623
20 2495 2572 2618 2560 2538 2594 2589 2532 2563
21 2422 2495 2560 2488 2461 2532 2527 2456 2492
22 2347 2422 2488 2417 2383 2456 2453 2381 2418
23 2285 2347 2417 2352 2314 2381 2384 2318 2351
24 2235 2285 2352 2294 2261 2318 2325 2265 2290
25 2194 2235 2294 2244 2215 2265 2273 2221 2241
26 2156 2194 2244 2200 2176 2221 2226 2180 2199
27 2113 2156 2200 2160 2134 2180 2181 2136 2162
28 2077 2113 2160 2119 2095 2136 2137 2098 2120
29 2044 2077 2119 2086 2059 2098 2101 2063 2082
30 2013 2044 2086 2054 2031 2063 2071 2034 2051
31 1979 2013 2054 2020 1994 2034 2035 1997 2018
32 1947 1979 2020 1982 1962 1997 1999 1964 1983
33 1922 1947 1982 1951 1935 1964 1966 1940 1949
34 1898 1922 1951 1927 1908 1940 1941 1912 1926
35 1868 1898 1927 1904 1881 1912 1918 1884 1902
36 1841 1868 1904 1876 1854 1884 1891 1860 1873
37 1808 1841 1876 1851 1826 1860 1865 1831 1846
38 1777 1808 1851 1819 1792 1831 1837 1796 1813
39 1747 1777 1819 1784 1759 1796 1802 1762 1781
40 1727 1747 1784 1752 1737 1762 1768 1739 1751
41 1710 1727 1752 1731 1718 1739 1743 1721 1729
42 1689 1710 1731 1714 1699 1721 1724 1702 1711
43 1676 1689 1714 1696 1682 1702 1705 1685 1694
44 1662 1676 1696 1677 1667 1685 1686 1670 1678
45 1645 1662 1677 1661 1656 1670 1669 1655 1664
46 1616 1634 1611 1594 1625 1624 1601 1605 1615
47 1634 1645 1661 1639 1640 1655 1651 1637 1642
48 1591 1616 1594 1571 1604 1605 1584 1582 1592
49 1565 1591 1571 1544 1579 1582 1556 1552 1567
50 1535 1565 1544 1518 1550 1552 1531 1527 1541
51 1508 1535 1518 1494 1520 1527 1506 1501 1513
52 1487 1508 1494 1474 1498 1501 1483 1481 1492
53 1465 1487 1474 1451 1477 1481 1461 1457 1469
54 1437 1465 1451 1422 1453 1457 1434 1429 1442
55 1413 1437 1422 1396 1426 1429 1408 1406 1417
56 1390 1413 1396 1373 1402 1406 1385 1381 1394
57 1365 1390 1373 1349 1377 1381 1356 1355 1367
58 1345 1365 1349 1327 1353 1355 1336 1335 1346
59 1322 1345 1327 1307 1333 1335 1317 1314 1325
60 1300 1322 1307 1278 1311 1314 1294 1291 1306
61 1274 1300 1278 1252 1285 1291 1265 1264 1276
62 1247 1274 1252 1225 1260 1264 1240 1234 1248
63 1222 1247 1225 1201 1233 1234 1215 1214 1223
64 1199 1222 1201 1175 1212 1214 1189 1187 1200
65 1172 1199 1175 1145 1183 1187 1161 1160 1171
66 1144 1172 1145 1099 1159 1160 1124 1123 1139
67 1116 1144 1099 1081 1130 1123 1093 1096 1110
68 1087 1116 1081 1068 1100 1096 1075 1079 1086
69 1061 1087 1068 1038 1074 1079 1056 1050 1065
70 1028 1061 1038 1004 1046 1050 1022 1019 1032
71 1000 1028 1004 971 1017 1019 989 984 998
72 974 1000 971 937 988 984 952 953 969
73 944 974 937 906 958 953 920 923 940
74 913 944 906 877 928 923 890 892 911
75 881 913 877 837 897 892 854 857 879
76 846 881 837 799 864 857 816 822 843
77 815 846 799 763 832 822 782 789 806
78 641 652 567 555 643 607 561 601 604
79 784 815 763 733 798 789 751 759 775
80 652 662 578 567 658 623 572 607 613
81 756 784 733 700 770 759 716 728 743
82 662 683 606 578 675 646 594 623 633
83 730 756 700 665 741 728 684 698 713
84 683 704 631 606 692 672 618 646 659
85 704 730 665 631 717 698 653 672 686
86 18 6 9 22 11 8 15 19 13
87 36 18 22 41 27 19 30 37 28
88 62 36 41 64 48 37 52 63 51
89 94 62 64 97 77 63 80 93 78
90 133 94 97 134 114 93 116 132 113
91 178 133 134 180 154 132 156 177 152
92 231 178 180 229 203 177 202 228 200
93 287 231 229 286 257 228 256 285 255
94 352 287 286 347 318 285 316 346 315
95 420 352 347 419 386 346 384 418 383
96 497 420 419 495 458 418 457 494 456
97 581 497 495 582 540 494 541 579 539
98 668 581 582 671 628 579 630 669 627
99 737 668 671 739 705 669 709 738 707
100 794 737 739 801 765 738 773 796 768
101 858 794 801 863 824 796 831 861 826
102 3035 3032 3021 3031 3034 3027 3026 3033 3030
103 2503 2500 2394 2398 2501 2445 2396 2449 2447
104 3032 3025 3010 3021 3029 3018 3016 3027 3023
105 2508 2503 2398 2407 2506 2449 2401 2459 2454
106 3025 3014 2995 3010 3020 3005 3003 3018 3012
107 2517 2508 2407 2421 2513 2459 2412 2469 2464
108 3014 2999 2976 2995 3007 2988 2986 3005 2997
109 2531 2517 2421 2434 2523 2469 2426 2483 2474
110 2999 2980 2953 2976 2990 2967 2965 2988 2978
111 2545 2531 2434 2452 2539 2483 2442 2499 2491
112 2980 2957 2926 2953 2969 2942 2940 2967 2955
113 2561 2545 2452 2473 2553 2499 2466 2521 2511
114 2957 2934 2895 2926 2944 2913 2911 2942 2928
115 2580 2561 2473 2496 2573 2521 2486 2541 2533
116 2934 2908 2865 2895 2922 2887 2878 2913 2901
117 2600 2580 2496 2528 2591 2541 2514 2566 2555
118 2908 2876 2830 2865 2893 2854 2847 2887 2872
119 2622 2600 2528 2554 2612 2566 2540 2590 2577
120 2876 2849 2792 2830 2863 2821 2811 2854 2835
121 2647 2622 2554 2581 2637 2590 2568 2616 2603
122 2849 2814 2763 2792 2831 2788 2780 2821 2807
123 2672 2647 2581 2610 2661 2616 2595 2643 2628
124 2814 2786 2726 2763 2800 2758 2745 2788 2771
125 2699 2672 2610 2640 2687 2643 2621 2671 2655
126 2786 2755 2696 2726 2769 2724 2713 2758 2743
127 2725 2699 2640 2667 2715 2671 2650 2697 2683
128 2755 2725 2667 2696 2742 2697 2681 2724 2712
129 2875 2906 2861 2827 2890 2884 2845 2852 2869
130 926 858 863 935 891 861 898 932 894
131 3024 3031 3021 3009 3028 3026 3015 3017 3022
132 2394 2297 2301 2398 2339 2299 2349 2396 2343
133 2906 2929 2894 2861 2919 2912 2877 2884 2898
134 1001 926 935 1007 960 932 970 1003 965
135 3013 3024 3009 2994 3019 3017 3002 3004 3011
136 2297 2196 2202 2301 2246 2198 2251 2299 2248
137 2929 2956 2925 2894 2943 2941 2910 2912 2927
138 1106 1001 1007 1114 1049 1003 1057 1109 1052
139 2998 3013 2994 2975 3006 3004 2985 2987 2996
140 2196 2075 2084 2202 2140 2078 2147 2198 2145
141 2956 2979 2952 2925 2968 2966 2939 2941 2954
142 2979 2998 2975 2952 2989 2987 2964 2966 2977
143 1269 1106 1114 1281 1174 1109 1182 1273 1177
144 2075 1856 1877 2084 1988 1866 2002 2078 1992
145 1856 1269 1281 1877 1450 1273 1488 1866 1464
146 1634 1639 1617 1611 1637 1629 1614 1624 1627
147 1639 1661 1668 1644 1651 1665 1659 1641 1657
148 1661 1677 1688 1668 1669 1684 1679 1665 1673
149 1677 1696 1713 1688 1686 1704 1700 1684 1693
150 1696 1714 1736 1713 1705 1726 1725 1704 1716
151 1714 1731 1756 1736 1724 1744 1745 1726 1734
152 1731 1752 1780 1756 1743 1765 1767 1744 1754
153 1752 1784 1811 1780 1768 1797 1794 1765 1782
154 1784 1819 1843 1811 1802 1832 1829 1797 1814
155 1819 1851 1874 1843 1837 1864 1861 1832 1848
156 1851 1876 1905 1874 1865 1894 1892 1864 1878
157 1876 1904 1932 1905 1891 1920 1921 1894 1906
158 1904 1927 1955 1932 1918 1942 1944 1920 1928
159 1927 1951 1976 1955 1941 1963 1965 1942 1952
160 1951 1982 2009 1976 1966 1995 1991 1963 1980
161 1982 2020 2043 2009 1999 2032 2030 1995 2017
162 2020 2054 2083 2043 2035 2068 2062 2032 2052
163 2054 2086 2118 2083 2071 2100 2099 2068 2085
164 2086 2119 2142 2118 2101 2127 2126 2100 2114
165 2119 2160 2187 2142 2137 2175 2167 2127 2152
166 2160 2200 2242 2187 2181 2224 2216 2175 2197
167 2200 2244 2293 2242 2226 2272 2270 2224 2245
168 2244 2294 2345 2293 2273 2321 2320 2272 2295
169 2294 2352 2411 2345 2325 2379 2376 2321 2350
170 2776 2827 2861 2812 2803 2845 2836 2793 2820
171 3021 3010 2991 3009 3016 3001 3000 3015 3008
172 9 21 31 22 14 23 25 15 20
173 3010 2995 2972 2991 3003 2984 2982 3001 2993
174 2723 2776 2812 2765 2750 2793 2790 2746 2770
175 21 38 47 31 29 42 39 23 32
176 2407 2398 2301 2307 2401 2349 2304 2360 2355
177 2994 3009 2991 2970 3002 3000 2981 2983 2992
178 2975 2994 2970 2948 2985 2983 2960 2962 2973
179 2952 2975 2948 2920 2964 2962 2935 2937 2950
180 2352 2417 2481 2411 2384 2448 2443 2379 2413
181 2861 2894 2851 2812 2877 2873 2832 2836 2855
182 2925 2952 2920 2888 2939 2937 2904 2907 2923
183 2894 2925 2888 2851 2910 2907 2870 2873 2891
184 555 567 485 474 561 522 479 516 520
185 403 474 485 410 438 479 444 406 441
186 2421 2407 2307 2324 2412 2360 2312 2367 2364
187 2434 2421 2324 2334 2426 2367 2330 2387 2375
188 2417 2488 2551 2481 2453 2522 2519 2448 2485
189 335 403 410 343 366 406 376 338 370
190 275 335 343 280 302 338 312 276 306
191 219 275 280 227 247 276 253 222 250
192 170 219 227 181 194 222 201 174 197
193 127 170 181 136 149 174 158 131 150
194 91 127 136 101 108 131 119 96 112
195 61 91 101 70 75 96 84 66 81
196 38 61 70 47 49 66 57 42 53
197 2488 2560 2611 2551 2527 2587 2583 2522 2556
198 2560 2618 2664 2611 2589 2642 2641 2587 2614
199 2618 2673 2717 2664 2646 2694 2692 2642 2669
200 2673 2723 2765 2717 2700 2746 2740 2694 2720
201 2301 2202 2211 2307 2251 2207 2259 2304 2256
202 567 578 499 485 572 538 489 522 528
203 578 606 521 499 594 564 509 538 548
204 606 631 552 521 618 595 535 564 575
205 631 665 593 552 653 629 571 595 609
206 2202 2084 2097 2211 2147 2089 2163 2207 2155
207 2452 2434 2334 2359 2442 2387 2344 2404 2391
208 2084 1877 1914 2097 2002 1899 2026 2089 2014
209 1877 1281 1316 1914 1488 1296 1630 1899 1538
210 1281 1114 1129 1316 1182 1119 1204 1296 1194
211 1114 1007 1021 1129 1057 1015 1070 1119 1064
212 1007 935 943 1021 970 938 980 1015 975
213 935 863 875 943 898 868 908 938 903
214 863 801 810 875 831 805 841 868 835
215 801 739 748 810 773 742 779 805 774
216 739 671 682 748 709 677 715 742 711
217 671 582 598 682 630 589 639 677 634
218 582 495 507 598 541 503 549 589 545
219 495 419 430 507 457 423 467 503 463
220 419 347 357 430 384 354 391 423 388
221 347 286 294 357 316 291 323 354 320
222 286 229 237 294 256 232 264 291 259
223 229 180 184 237 202 182 212 232 207
224 180 134 141 184 156 137 162 182 160
225 134 97 104 141 116 99 121 137 118
226 97 64 72 104 80 69 87 99 83
227 41 22 31 50 30 25 40 43 33
228 64 41 50 72 52 43 60 69 54
229 2995 2976 2949 2972 2986 2963 2961 2984 2974
230 2976 2953 2921 2949 2965 2938 2936 2963 2951
231 2953 2926 2889 2921 2940 2909 2905 2938 2924
232 2926 2895 2853 2889 2911 2874 2871 2909 2892
233 665 700 632 593 684 667 610 629 651
234 700 733 680 632 716 708 656 667 689
235 733 763 718 680 751 740 695 708 724
236 763 799 757 718 782 777 734 740 760
237 799 837 802 757 816 817 780 777 795
238 837 877 845 802 854 860 823 817 839
239 877 906 870 845 890 887 856 860 876
240 906 937 905 870 920 919 886 887 904
241 937 971 945 905 952 955 922 919 939
242 971 1004 991 945 989 995 966 955 979
243 1004 1038 1033 991 1022 1035 1014 995 1018
244 1038 1068 1081 1033 1056 1075 1059 1035 1058
245 2473 2452 2359 2378 2466 2404 2365 2427 2415
246 2496 2473 2378 2405 2486 2427 2390 2451 2437
247 2895 2865 2813 2853 2878 2837 2833 2874 2856
248 2865 2830 2777 2813 2847 2804 2794 2837 2823
249 2830 2792 2739 2777 2811 2767 2760 2804 2787
250 2792 2763 2702 2739 2780 2735 2721 2767 2747
251 2763 2726 2670 2702 2745 2698 2689 2735 2718
252 2726 2696 2635 2670 2713 2666 2649 2698 2682
253 2696 2667 2601 2635 2681 2636 2617 2666 2648
254 2667 2640 2570 2601 2650 2606 2585 2636 2620
255 2640 2610 2536 2570 2621 2575 2552 2606 2588
256 2610 2581 2497 2536 2595 2542 2518 2575 2559
257 2581 2554 2467 2497 2568 2512 2480 2542 2529
258 2528 2496 2405 2431 2514 2451 2419 2479 2468
259 2554 2528 2431 2467 2540 2479 2446 2512 2493
260 1594 1611 1597 1580 1601 1602 1587 1586 1598
261 1571 1594 1580 1558 1584 1586 1568 1564 1575
262 1544 1571 1558 1537 1556 1564 1548 1542 1551
263 1518 1544 1537 1510 1531 1542 1521 1514 1528
264 1494 1518 1510 1485 1506 1514 1497 1490 1500
265 1474 1494 1485 1463 1483 1490 1476 1468 1480
266 1451 1474 1463 1436 1461 1468 1452 1441 1456
267 1422 1451 1436 1410 1434 1441 1425 1415 1428
268 1396 1422 1410 1392 1408 1415 1401 1395 1404
269 1373 1396 1392 1366 1385 1395 1378 1369 1382
270 1349 1373 1366 1331 1356 1369 1351 1342 1352
271 1327 1349 1331 1309 1336 1342 1320 1318 1328
272 1307 1327 1309 1295 1317 1318 1303 1299 1308
273 1278 1307 1295 1268 1294 1299 1279 1272 1282
274 1252 1278 1268 1235 1265 1272 1251 1246 1256
275 1225 1252 1235 1209 1240 1246 1221 1219 1230
276 1201 1225 1209 1181 1215 1219 1196 1193 1205
277 1175 1201 1181 1156 1189 1193 1166 1164 1178
278 1145 1175 1156 1137 1161 1164 1146 1141 1152
279 1099 1145 1137 1112 1124 1141 1126 1108 1125
280 1617 1639 1644 1620 1629 1641 1633 1619 1632
281 1611 1617 1593 1597 1614 1606 1595 1602 1603
282 1081 1099 1045 1033 1093 1073 1037 1059 1066
283 991 1033 1045 983 1014 1037 1012 986 1013
284 1099 1112 1072 1045 1108 1091 1060 1073 1084
285 1137 1156 1132 1112 1146 1143 1120 1126 1133
286 1156 1181 1162 1132 1166 1169 1147 1143 1157
287 1181 1209 1195 1162 1196 1202 1176 1169 1184
288 1209 1235 1224 1195 1221 1231 1211 1202 1217
289 1235 1268 1249 1224 1251 1257 1237 1231 1245
290 1295 1309 1284 1268 1303 1297 1277 1279 1287
291 1309 1331 1315 1284 1320 1323 1301 1297 1310
292 1410 1436 1432 1398 1425 1433 1414 1405 1419
293 1436 1463 1458 1432 1452 1459 1444 1433 1448
294 1463 1485 1479 1458 1476 1482 1467 1459 1471
295 1485 1510 1512 1479 1497 1511 1493 1482 1496
296 31 47 65 50 39 55 56 40 45
297 47 70 86 65 57 79 74 55 67
298 2324 2307 2211 2228 2312 2259 2219 2275 2268
299 2334 2324 2228 2243 2330 2275 2233 2287 2280
300 945 991 983 918 966 986 949 933 957
301 905 945 918 869 922 933 893 885 910
302 870 905 869 827 886 885 847 848 867
303 845 870 827 802 856 848 813 823 836
304 485 499 424 410 489 461 414 444 452
305 343 410 424 358 376 414 390 349 382
306 2970 2991 2972 2945 2981 2982 2959 2958 2971
307 2972 2949 2916 2945 2961 2933 2931 2959 2947
308 2949 2921 2883 2916 2936 2903 2900 2933 2918
309 2359 2334 2243 2262 2344 2287 2254 2308 2302
310 2378 2359 2262 2283 2365 2308 2276 2332 2323
311 2405 2378 2283 2310 2390 2332 2300 2361 2338
312 2431 2405 2310 2335 2419 2361 2329 2386 2369
313 2467 2431 2335 2368 2446 2386 2356 2416 2399
314 2765 2812 2851 2806 2790 2832 2828 2785 2808
315 2717 2765 2806 2757 2740 2785 2782 2737 2762
316 2664 2717 2757 2709 2692 2737 2733 2688 2710
317 2497 2467 2368 2402 2480 2416 2388 2450 2432
318 499 521 446 424 509 486 436 461 470
319 280 343 358 296 312 349 326 290 319
320 2948 2970 2945 2915 2960 2958 2930 2932 2946
321 2920 2948 2915 2882 2935 2932 2899 2902 2917
322 2851 2888 2844 2806 2870 2867 2825 2828 2848
323 2888 2920 2882 2844 2904 2902 2864 2867 2885
324 72 50 65 88 60 56 76 82 68
325 2536 2497 2402 2441 2518 2450 2425 2490 2471
326 2570 2536 2441 2484 2552 2490 2465 2530 2510
327 2601 2570 2484 2526 2585 2530 2504 2564 2548
328 2635 2601 2526 2565 2617 2564 2547 2598 2584
329 104 72 88 120 87 82 103 109 95
330 141 104 120 157 121 109 138 148 129
331 184 141 157 199 162 148 176 192 168
332 237 184 199 251 212 192 224 240 214
333 294 237 251 309 264 240 277 299 269
334 357 294 309 372 323 299 339 364 330
335 430 357 372 443 391 364 408 437 399
336 507 430 443 523 467 437 483 517 472
337 598 507 523 611 549 517 569 605 557
338 682 598 611 693 639 605 657 688 650
339 748 682 693 761 715 688 729 754 721
340 810 748 761 821 779 754 790 812 783
341 2611 2664 2709 2659 2641 2688 2684 2634 2663
342 2551 2611 2659 2607 2583 2634 2632 2578 2609
343 2921 2889 2846 2883 2905 2868 2866 2903 2886
344 2889 2853 2805 2846 2871 2829 2826 2868 2850
345 2853 2813 2764 2805 2833 2789 2783 2829 2809
346 2813 2777 2722 2764 2794 2748 2744 2789 2768
347 2777 2739 2685 2722 2760 2714 2701 2748 2732
348 2739 2702 2644 2685 2721 2674 2665 2714 2693
349 2670 2635 2565 2608 2649 2598 2586 2639 2619
350 2702 2670 2608 2644 2689 2639 2625 2674 2657
351 521 552 478 446 535 515 462 486 496
352 552 593 518 478 571 551 493 515 531
353 593 632 562 518 610 600 536 551 573
354 632 680 608 562 656 645 580 600 620
355 680 718 661 608 695 691 636 645 666
356 718 757 706 661 734 732 685 691 710
357 757 802 749 706 780 776 727 732 753
358 2481 2551 2607 2544 2519 2578 2576 2515 2550
359 2411 2481 2544 2470 2443 2515 2509 2438 2476
360 2345 2411 2470 2397 2376 2438 2433 2372 2406
361 2293 2345 2397 2340 2320 2372 2370 2317 2342
362 2242 2293 2340 2288 2270 2317 2315 2269 2291
363 2187 2242 2288 2237 2216 2269 2264 2213 2240
364 227 280 296 242 253 290 268 236 261
365 181 227 242 195 201 236 218 185 210
366 136 181 195 151 158 185 173 143 164
367 70 101 117 86 84 107 102 79 92
368 101 136 151 117 119 143 135 107 123
369 875 810 821 888 841 812 853 880 844
370 943 875 888 956 908 880 921 948 914
371 1021 943 956 1034 980 948 994 1026 987
372 1129 1021 1034 1154 1070 1026 1092 1140 1080
373 1316 1129 1154 1370 1204 1140 1236 1341 1220
374 1914 1316 1370 1956 1630 1341 1766 1933 1706
375 2211 2097 2122 2228 2163 2107 2179 2219 2170
376 2097 1914 1956 2122 2026 1933 2053 2107 2037
377 1580 1597 1593 1570 1587 1595 1583 1573 1585
378 1558 1580 1570 1553 1568 1573 1561 1555 1566
379 1537 1558 1553 1540 1548 1555 1546 1539 1547
380 1510 1537 1540 1512 1521 1539 1525 1511 1523
381 1668 1688 1692 1672 1679 1691 1683 1671 1681
382 1644 1668 1672 1649 1659 1671 1663 1646 1660
383 1688 1713 1728 1692 1700 1722 1712 1691 1709
384 1713 1736 1757 1728 1725 1746 1742 1722 1733
385 1736 1756 1783 1757 1745 1772 1773 1746 1758
386 1756 1780 1795 1783 1767 1790 1791 1772 1779
387 1780 1811 1823 1795 1794 1816 1810 1790 1804
388 1811 1843 1855 1823 1829 1850 1842 1816 1835
389 1843 1874 1889 1855 1861 1882 1872 1850 1867
390 1874 1905 1925 1889 1892 1917 1907 1882 1901
391 1905 1932 1961 1925 1921 1946 1943 1917 1931
392 1932 1955 1984 1961 1944 1968 1973 1946 1959
393 1955 1976 1993 1984 1965 1986 1987 1968 1978
394 1976 2009 2027 1993 1991 2019 2011 1986 2004
395 2009 2043 2061 2027 2030 2056 2045 2019 2036
396 2043 2083 2109 2061 2062 2094 2087 2056 2076
397 2083 2118 2153 2109 2099 2135 2130 2094 2116
398 2118 2142 2187 2153 2126 2167 2171 2135 2150
399 1593 1617 1620 1588 1606 1619 1608 1589 1607
400 1644 1649 1623 1620 1646 1636 1622 1633 1635
401 1692 1728 1750 1717 1712 1740 1732 1707 1723
402 1672 1692 1652 1649 1683 1674 1650 1663 1666
403 1728 1757 1789 1750 1742 1775 1770 1740 1755
404 1757 1783 1812 1789 1773 1798 1801 1775 1787
405 1692 1717 1654 1652 1707 1687 1653 1674 1680
406 1331 1366 1354 1315 1351 1361 1334 1323 1344
407 1268 1284 1261 1249 1277 1271 1254 1257 1266
408 1284 1315 1289 1261 1301 1305 1275 1271 1286
409 2153 2187 2237 2189 2171 2213 2214 2172 2191
410 1045 1072 1029 983 1060 1051 1005 1012 1027
411 1112 1132 1105 1072 1120 1117 1085 1091 1103
412 1132 1162 1142 1105 1147 1149 1121 1117 1134
413 1162 1195 1185 1142 1176 1191 1163 1149 1167
414 1195 1224 1229 1185 1211 1226 1206 1191 1208
415 1224 1249 1261 1229 1237 1254 1244 1226 1243
416 2243 2228 2122 2144 2233 2179 2129 2195 2185
417 2109 2153 2189 2131 2130 2172 2164 2123 2146
418 2061 2109 2131 2073 2087 2123 2103 2069 2093
419 2027 2061 2073 2023 2045 2069 2049 2025 2046
420 1993 2027 2023 1984 2011 2025 2005 1987 2007
421 1998 1961 1984 2023 1981 1973 2005 2012 1990
422 88 65 86 110 76 74 98 100 85
423 120 88 110 142 103 100 125 130 115
424 2915 2945 2916 2879 2930 2931 2897 2896 2914
425 2916 2883 2840 2879 2900 2862 2859 2897 2881
426 2883 2846 2799 2840 2866 2824 2819 2862 2842
427 2846 2805 2756 2799 2826 2781 2779 2824 2802
428 2805 2764 2711 2756 2783 2738 2736 2781 2761
429 749 802 827 786 776 813 807 764 791
430 86 117 140 110 102 128 122 98 111
431 117 151 175 140 135 163 159 128 144
432 2764 2722 2668 2711 2744 2695 2691 2738 2719
433 157 120 142 179 138 130 161 165 147
434 199 157 179 220 176 165 198 209 187
435 251 199 220 271 224 209 246 260 235
436 309 251 271 329 277 260 298 317 288
437 372 309 329 392 339 317 361 381 344
438 443 372 392 466 408 381 428 453 416
439 523 443 466 544 483 453 504 532 491
440 611 523 544 635 569 532 588 622 576
441 424 446 380 358 436 412 368 390 402
442 296 358 380 321 326 368 350 310 337
443 242 296 321 267 268 310 293 252 279
444 151 195 217 175 173 206 196 163 183
445 195 242 267 217 218 252 239 206 230
446 446 478 411 380 462 442 393 412 427
447 478 518 447 411 493 482 429 442 460
448 518 562 490 447 536 524 468 482 502
449 562 608 543 490 580 574 519 524 546
450 608 661 596 543 636 626 568 574 603
451 661 706 654 596 685 681 621 626 655
452 706 749 699 654 727 725 678 681 702
453 2722 2685 2624 2668 2701 2653 2645 2695 2675
454 2685 2644 2579 2624 2665 2613 2604 2653 2633
455 2644 2608 2534 2579 2625 2571 2557 2613 2592
456 2608 2565 2478 2534 2586 2525 2507 2571 2549
457 2565 2526 2430 2478 2547 2477 2455 2525 2502
458 2526 2484 2389 2430 2504 2435 2408 2477 2457
459 2262 2243 2144 2168 2254 2195 2157 2218 2208
460 2283 2262 2168 2193 2276 2218 2182 2239 2229
461 2310 2283 2193 2222 2300 2239 2209 2266 2253
462 2484 2441 2348 2389 2465 2392 2366 2435 2414
463 2757 2806 2844 2798 2782 2825 2822 2778 2801
464 2709 2757 2798 2751 2733 2778 2774 2730 2754
465 2122 1956 2001 2144 2053 1977 2081 2129 2065
466 1956 1370 1503 2001 1766 1423 1880 1977 1839
467 1370 1154 1190 1503 1236 1168 1292 1423 1259
468 1154 1034 1063 1190 1092 1048 1118 1168 1102
469 1034 956 977 1063 994 962 1016 1048 1002
470 956 888 907 977 921 895 941 962 931
471 888 821 840 907 853 828 872 895 862
472 821 761 778 840 790 767 808 828 797
473 693 611 635 712 657 622 679 703 664
474 761 693 712 778 729 703 747 767 735
475 2335 2310 2222 2249 2329 2266 2232 2292 2279
476 2368 2335 2249 2278 2356 2292 2260 2327 2306
477 2441 2402 2311 2348 2425 2358 2331 2392 2374
478 2402 2368 2278 2311 2388 2327 2296 2358 2336
479 827 869 830 786 847 849 809 807 825
480 869 918 884 830 893 902 855 849 878
481 918 983 947 884 949 961 916 902 934
482 2659 2709 2751 2704 2684 2730 2727 2680 2705
483 2844 2882 2839 2798 2864 2860 2818 2822 2841
484 2882 2915 2879 2839 2899 2896 2858 2860 2880
485 2607 2659 2704 2654 2632 2680 2677 2629 2656
486 2544 2607 2654 2597 2576 2629 2626 2574 2602
487 2470 2544 2597 2524 2509 2574 2562 2494 2537
488 2397 2470 2524 2439 2433 2494 2482 2423 2460
489 2340 2397 2439 2400 2370 2423 2424 2371 2393
490 2288 2340 2400 2346 2315 2371 2373 2319 2341
491 2237 2288 2346 2286 2264 2319 2316 2263 2289
492 1553 1570 1557 1540 1561 1563 1549 1546 1554
493 1570 1593 1588 1557 1583 1589 1572 1563 1577
494 1432 1458 1479 1440 1444 1467 1460 1435 1454
495 1398 1432 1440 1400 1414 1435 1420 1399 1416
496 1366 1398 1400 1354 1383 1399 1376 1361 1380
497 1479 1502 1470 1440 1491 1484 1455 1460 1473
498 1855 1889 1886 1849 1872 1887 1870 1852 1871
499 1889 1925 1939 1886 1907 1930 1916 1887 1911
500 1823 1855 1849 1812 1842 1852 1833 1818 1840
501 1540 1557 1536 1512 1549 1545 1522 1525 1533
502 1620 1623 1596 1588 1622 1610 1590 1608 1609
503 1623 1649 1652 1596 1636 1650 1626 1610 1631
504 1795 1823 1812 1783 1810 1818 1798 1791 1806
505 1559 1502 1536 1596 1529 1517 1562 1576 1543
506 1536 1557 1588 1596 1545 1572 1590 1562 1569
507 1717 1753 1643 1654 1735 1708 1648 1687 1698
508 1654 1643 1515 1559 1648 1578 1532 1612 1599
509 1502 1559 1515 1470 1529 1532 1489 1484 1507
510 1717 1750 1778 1753 1732 1761 1763 1735 1749
511 1750 1789 1820 1778 1770 1805 1799 1761 1785
512 1820 1789 1812 1849 1805 1801 1833 1836 1821
513 1400 1440 1470 1424 1420 1455 1445 1411 1431
514 1354 1400 1424 1384 1376 1411 1403 1368 1389
515 1315 1354 1337 1289 1334 1347 1312 1305 1324
516 1261 1289 1253 1229 1275 1270 1242 1244 1255
517 1939 1925 1961 1998 1930 1943 1981 1967 1958
518 1849 1886 1845 1820 1870 1869 1834 1836 1853
519 1845 1753 1778 1820 1807 1763 1799 1834 1803
520 1886 1939 1875 1845 1916 1910 1862 1869 1893
521 1072 1105 1078 1029 1085 1089 1054 1051 1071
522 1105 1142 1127 1078 1121 1131 1097 1089 1111
523 1185 1229 1253 1188 1206 1242 1218 1186 1213
524 1142 1185 1188 1127 1163 1186 1153 1131 1158
525 2189 2237 2286 2227 2214 2263 2257 2210 2234
526 2023 2073 2057 1998 2049 2064 2033 2012 2039
527 2131 2189 2227 2148 2164 2210 2188 2139 2178
528 2073 2131 2148 2057 2103 2139 2106 2064 2104
529 983 1029 1006 947 1005 1020 978 961 992
530 380 411 351 321 393 379 336 350 362
531 267 321 351 295 293 336 322 278 305
532 2751 2798 2839 2795 2774 2818 2815 2772 2796
533 2839 2879 2840 2795 2858 2859 2817 2815 2838
534 2704 2751 2795 2752 2727 2772 2773 2728 2749
535 2795 2840 2799 2752 2817 2819 2775 2773 2797
536 217 267 295 248 239 278 270 233 254
537 175 217 248 205 196 233 225 189 211
538 142 110 140 169 125 122 153 155 139
539 140 175 205 169 159 189 186 153 171
540 179 142 169 208 161 155 188 190 172
541 2168 2144 2001 2041 2157 2081 2022 2111 2091
542 2001 1503 1741 2041 1880 1647 1945 2022 1915
543 1503 1190 1232 1741 1292 1210 1358 1647 1321
544 220 179 208 249 198 190 226 234 213
545 749 786 744 699 764 762 722 725 745
546 271 220 249 297 246 234 274 283 258
547 2193 2168 2041 2080 2182 2111 2058 2141 2125
548 2222 2193 2080 2115 2209 2141 2096 2173 2159
549 2249 2222 2115 2149 2232 2173 2132 2201 2186
550 2278 2249 2149 2184 2260 2201 2169 2231 2217
551 786 830 793 744 809 811 766 762 787
552 329 271 297 356 298 283 324 341 311
553 2654 2704 2752 2706 2677 2728 2729 2678 2703
554 2752 2799 2756 2706 2775 2779 2731 2729 2753
555 2597 2654 2706 2658 2626 2678 2679 2627 2652
556 2524 2597 2658 2605 2562 2627 2631 2567 2596
557 2706 2756 2711 2658 2731 2736 2686 2679 2708
558 2658 2711 2668 2605 2686 2691 2638 2631 2662
559 392 329 356 417 361 341 385 405 371
560 1190 1063 1090 1232 1118 1076 1151 1210 1135
561 1063 977 996 1090 1016 985 1036 1076 1024
562 977 907 929 996 941 917 959 985 950
563 907 840 865 929 872 852 896 917 883
564 840 778 803 865 808 788 834 852 818
565 778 712 736 803 747 726 772 788 758
566 712 635 660 736 679 648 701 726 690
567 635 544 570 660 588 554 612 648 602
568 544 466 488 570 504 475 526 554 514
569 466 392 417 488 428 405 451 475 440
570 2311 2278 2184 2223 2296 2231 2203 2267 2250
571 2348 2311 2223 2258 2331 2267 2236 2303 2282
572 2389 2348 2258 2298 2366 2303 2277 2337 2326
573 2430 2389 2298 2333 2408 2337 2313 2380 2363
574 2478 2430 2333 2377 2455 2380 2357 2429 2403
575 2534 2478 2377 2440 2507 2429 2409 2487 2458
576 2579 2534 2440 2505 2557 2487 2472 2546 2516
577 2624 2579 2505 2558 2604 2546 2535 2593 2569
578 2668 2624 2558 2605 2645 2593 2582 2638 2615
579 2400 2439 2524 2475 2424 2482 2498 2436 2462
580 2346 2400 2475 2420 2373 2436 2444 2382 2410
581 2286 2346 2420 2354 2316 2382 2385 2322 2353
582 411 447 389 351 429 415 367 379 394
583 447 490 431 389 468 459 409 415 439
584 490 543 481 431 519 508 454 459 487
585 543 596 530 481 568 563 505 508 534
586 596 654 584 530 621 619 559 563 590
587 654 699 647 584 678 676 616 619 649
588 830 884 851 793 855 866 819 811 838
589 884 947 924 851 916 936 889 866 900
590 1354 1384 1391 1337 1368 1387 1357 1347 1363
591 1384 1424 1462 1391 1403 1439 1421 1387 1412
592 1470 1515 1462 1424 1489 1486 1439 1445 1466
593 1515 1643 1574 1462 1578 1613 1504 1486 1534
594 1643 1753 1774 1574 1708 1760 1697 1613 1701
595 1939 1971 1900 1875 1954 1938 1885 1910 1924
596 1971 1939 1998 2057 1954 1967 2033 2021 1996
597 1753 1845 1875 1774 1807 1862 1838 1760 1822
598 1029 1078 1062 1006 1054 1067 1031 1020 1042
599 1078 1127 1104 1062 1097 1115 1083 1067 1088
600 1127 1188 1207 1104 1153 1198 1148 1115 1150
601 1253 1289 1337 1329 1270 1312 1332 1290 1302
602 1188 1253 1280 1207 1218 1267 1241 1198 1228
603 947 1006 1011 924 978 1008 963 936 972
604 1006 1062 1104 1011 1031 1083 1055 1008 1041
605 2286 2354 2274 2227 2322 2309 2247 2257 2281
606 2148 2227 2274 2165 2188 2247 2220 2158 2204
607 2057 2148 2165 2067 2106 2158 2121 2060 2112
608 169 205 238 208 186 221 223 188 204
609 351 389 332 295 367 360 313 322 340
610 389 431 375 332 409 404 355 360 378
611 205 248 282 238 225 265 262 221 241
612 248 295 332 282 270 313 307 265 289
613 584 647 587 529 616 617 560 558 583
614 647 699 744 696 676 722 720 674 697
615 530 584 529 473 559 558 500 501 527
616 431 481 422 375 454 450 397 404 425
617 481 530 473 422 505 501 448 450 476
618 2080 2041 1741 1883 2058 1945 1828 2000 1972
619 2115 2080 1883 1957 2096 2000 1923 2050 2029
620 2149 2115 1957 2015 2132 2050 1985 2088 2070
621 1741 1232 1298 1883 1358 1262 1516 1828 1418
622 1232 1090 1128 1298 1151 1107 1197 1262 1173
623 1090 996 1023 1128 1036 1009 1069 1107 1053
624 996 929 954 1023 959 942 990 1009 976
625 929 865 901 954 896 882 927 942 912
626 865 803 842 901 834 820 871 882 850
627 803 736 769 842 772 752 804 820 785
628 736 660 687 769 701 673 731 752 714
629 660 570 585 687 612 577 640 673 624
630 570 488 513 585 526 498 547 577 537
631 488 417 445 513 451 432 480 498 464
632 417 356 387 445 385 369 413 432 400
633 249 208 238 284 226 223 263 266 244
634 297 249 284 334 274 266 308 314 292
635 356 297 334 387 324 314 359 369 342
636 2184 2149 2015 2066 2169 2088 2038 2128 2110
637 2223 2184 2066 2117 2203 2128 2090 2174 2151
638 2258 2223 2117 2166 2236 2174 2138 2212 2190
639 2298 2258 2166 2205 2277 2212 2183 2252 2230
640 2333 2298 2205 2238 2313 2252 2225 2284 2271
641 2377 2333 2238 2274 2357 2284 2255 2328 2305
642 2377 2274 2354 2440 2328 2309 2395 2409 2362
643 2440 2354 2420 2505 2395 2385 2463 2472 2428
644 2420 2475 2558 2505 2444 2520 2535 2463 2489
645 2524 2605 2558 2475 2567 2582 2520 2498 2543
646 744 793 750 696 766 771 723 720 746
647 793 851 814 750 819 833 781 771 800
648 851 924 909 814 889 915 859 833 873
649 1337 1391 1407 1329 1357 1397 1362 1332 1360
650 1253 1329 1348 1280 1290 1339 1313 1267 1304
651 1391 1462 1574 1407 1421 1504 1475 1397 1446
652 1971 2057 2067 1970 2021 2060 2028 1969 2024
653 1900 1971 1970 1890 1938 1969 1934 1895 1936
654 1774 1875 1900 1800 1838 1885 1857 1786 1847
655 1574 1774 1800 1658 1697 1786 1730 1621 1715
656 587 647 696 642 617 674 670 614 644
657 284 238 282 325 263 262 303 304 281
658 282 332 375 325 307 355 348 303 327
659 1883 1298 1372 1957 1516 1330 1771 1923 1675
660 1298 1128 1155 1372 1197 1138 1238 1330 1216
661 2165 2274 2238 2143 2220 2255 2192 2154 2206
662 2238 2205 2102 2143 2225 2161 2124 2192 2177
663 1128 1023 1044 1155 1069 1030 1094 1138 1082
664 2205 2166 2042 2102 2183 2108 2074 2161 2133
665 2067 2165 2143 2040 2121 2154 2092 2055 2105
666 1023 954 981 1044 990 968 1010 1030 997
667 2015 1957 1372 1526 1985 1771 1430 1897 1844
668 2166 2117 1953 2042 2138 2048 2003 2108 2079
669 2066 2015 1526 1817 2038 1897 1703 1974 1937
670 2117 2066 1817 1953 2090 1974 1903 2048 2016
671 484 445 387 426 465 413 407 455 434
672 387 334 374 426 359 353 401 407 377
673 325 375 422 374 348 397 395 345 373
674 374 422 473 426 395 448 449 401 421
675 473 529 484 426 500 506 455 449 477
676 445 484 542 513 465 512 525 480 492
677 529 587 542 484 560 565 512 506 533
678 585 513 542 591 547 525 566 586 556
679 542 587 642 591 565 614 615 566 592
680 585 591 642 687 586 615 663 640 625
681 642 696 750 687 670 723 719 663 694
682 687 750 814 769 719 781 792 731 755
683 769 814 909 842 792 859 874 804 829
684 901 842 909 951 871 874 930 925 899
685 954 901 951 981 927 925 964 968 946
686 924 1011 1047 909 963 1025 973 915 967
687 1011 1104 1170 1047 1055 1136 1098 1025 1077
688 1104 1207 1340 1170 1148 1263 1239 1136 1192
689 1207 1280 1359 1340 1241 1319 1350 1263 1288
690 1407 1574 1658 1447 1475 1621 1524 1427 1495
691 1329 1407 1447 1348 1362 1427 1386 1339 1374
692 1800 1900 1890 1815 1857 1895 1859 1809 1858
693 1658 1800 1815 1719 1730 1809 1764 1690 1748
694 1280 1348 1388 1359 1313 1364 1371 1319 1343
695 1970 2067 2040 1929 2028 2055 1989 1948 2008
696 1890 1970 1929 1827 1934 1948 1888 1863 1913
697 2040 2143 2102 1975 2092 2124 2047 2010 2072
698 1372 1155 1180 1526 1238 1165 1283 1430 1258
699 1155 1044 1040 1180 1094 1039 1101 1165 1095
700 1044 981 951 1040 1010 964 993 1039 999
701 1817 1526 1180 1227 1703 1283 1203 1375 1326
702 1953 1817 1227 1379 1903 1375 1293 1769 1530
703 1953 1379 1830 2042 1769 1600 1960 2003 1896
704 2102 2042 1830 1975 2074 1960 1919 2047 2006
705 951 909 1047 1040 930 973 1043 993 982
706 1340 1359 1628 1793 1350 1449 1720 1499 1472
707 1180 1040 1047 1227 1101 1043 1122 1203 1113
708 1227 1047 1170 1379 1122 1098 1250 1293 1179
709 1830 1379 1170 1340 1600 1250 1239 1519 1338
710 1388 1348 1447 1509 1364 1386 1478 1438 1409
711 1509 1447 1658 1719 1478 1524 1690 1638 1581
712 1815 1890 1827 1719 1859 1863 1776 1764 1824
713 1509 1719 1827 1628 1638 1776 1738 1560 1695
714 1359 1388 1509 1628 1371 1438 1560 1449 1443
715 1827 1929 1793 1628 1888 1879 1720 1738 1825
716 1929 2040 1975 1793 1989 2010 1909 1879 1950
717 1793 1975 1830 1340 1909 1919 1519 1499 1788
718 1398 1366 1392 1410 1383 1378 1401 1405 1393
719 1512 1536 1502 1479 1522 1517 1491 1493 1505
720 1596 1652 1654 1559 1626 1653 1612 1576 1618
721 325 374 334 284 345 353 308 304 328