    1               0               8               0
    2               0      7.71428571               0
    3     0.294117647               8               0
    4      0.28842555      7.71747232               0
    5               0      7.42857143               0
    6     0.588235294               8               0
    7      0.28650249       7.4343147               0
    8     0.580169747      7.71888809               0
    9     0.574822202      7.43897568               0
   10               0      7.14285714               0
   11     0.882352941               8               0
   12     0.282762209      7.15223937               0
   13     0.871902998      7.71749282               0
   14     0.570472649      7.15631093               0
   15     0.867213506      7.44073938               0
   16               0      6.85714286               0
   17     0.280899551      6.86710064               0
   18      1.17647059               8               0
   19      1.16633941      7.71745426               0
   20     0.859609209      7.15947623               0
   21     0.566987383      6.87087391               0
   22      1.15840098      7.43944719               0
   23     0.853436563      6.87416591               0
   24      1.15123956      7.15904524               0
   25               0      6.57142857               0
   26     0.279676607       6.5806683               0
   27      1.47058824               8               0
   28      1.45700702      7.72149087               0
   29      0.56314077      6.58591817               0
   30      1.44881145      7.44054987               0
   31      1.14474459      6.87235206               0
   32     0.850743031      6.58616049               0
   33      1.43928815      7.15728992               0
   34               0      6.28571429               0
   35     0.278146013       6.2938797               0
   36      1.76470588               8               0
   37      1.74954231      7.72177614               0
   38     0.561609434      6.29764521               0
   39      1.13839316      6.58591491               0
   40      1.73792899      7.44148043               0
   41      1.43590908      6.87028219               0
   42     0.848001635      6.29864299               0
   43      1.72838952      7.15836147               0
   44               0               6               0
   45      1.43018234      6.58617291               0
   46     0.276861396      6.00550603               0
   47      1.13648294      6.29683673               0
   48      2.05882353               8               0
   49      1.72384877      6.87259842               0
   50      2.04279807      7.72273335               0
   51     0.560507112      6.01025702               0
   52      2.03187212      7.44134595               0
   53      0.84530831      6.01146857               0
   54      2.02145357      7.15810875               0
   55      1.43031981      6.30127633               0
   56      1.71841851      6.58627578               0
   57               0      5.71428571               0
   58      1.13500392       6.0090881               0
   59     0.278085196      5.71855188               0
   60      2.01094669      6.87069452               0
   61     0.560275102      5.72422293               0
   62      2.33408485      7.72486863               0
   63      2.35294118               8               0
   64      2.32530785      7.44306126               0
   65      1.71769654      6.29990238               0
   66     0.846010201      5.72446769               0
   67      1.42857477      6.01027057               0
   68      2.00625666      6.58151274               0
   69      2.31718149      7.15362203               0
   70      1.13315876      5.72213143               0
   71      2.30297562      6.85971008               0
   72               0      5.42857143               0
   73      0.27919472      5.43179693               0
   74     0.560236003      5.43801871               0
   75      1.71557546      6.00521323               0
   76      2.00191755      6.28971408               0
   77      2.62969158      7.72521891               0
   78      2.64705882               8               0
   79       2.6206685      7.44399744               0
   80      1.42696194      5.71875556               0
   81      0.84667791       5.4373377               0
   82      2.29316276      6.57197729               0
   83      2.61451793      7.15290844               0
   84      1.13312336      5.43355734               0
   85      1.99863353      5.99528314               0
   86      2.60575724      6.86091145               0
   87               0      5.14285714               0
   88      1.71422802       5.7120847               0
   89      2.28590587      6.28004725               0
   90     0.280158945       5.1447457               0
   91      0.56013452      5.14787695               0
   92      2.92327018      7.72587416               0
   93       1.4221466      5.42627452               0
   94      2.94117647               8               0
   95      2.58824684      6.56864221               0
   96      2.91772739      7.44574204               0
   97     0.848263235      5.14910563               0
   98      2.91817759      7.15754125               0
   99       2.2792233       5.9846741               0
  100      1.99781782      5.70153116               0
  101      1.13502612      5.14570144               0
  102      2.56931986      6.27382351               0
  103      1.71011889      5.41608977               0
  104      2.90837684      6.86440976               0
  105               0      4.85714286               0
  106     0.281306541      4.85645179               0
  107     0.563476482      4.85827009               0
  108      1.41967294      5.14005551               0
  109      2.88497106      6.56968115               0
  110      3.22184226       7.7236822               0
  111      3.23529412               8               0
  112      2.27581378      5.68821967               0
  113      0.85154112      4.86245728               0
  114      2.55537428      5.97898342               0
  115      3.21747327      7.44322087               0
  116      1.99366031      5.40514017               0
  117      3.21774223      7.15311447               0
  118      2.85174381      6.26882247               0
  119      1.13904492      4.86008729               0
  120      1.70431007      5.12636209               0
  121      3.20752653      6.85926015               0
  122               0      4.57142857               0
  123      2.55162068      5.69080764               0
  124     0.283291998       4.5683485               0
  125      1.42549653      4.85498389               0
  126         2.27146      5.38931021               0
  127      2.82952575      5.98291929               0
  128     0.569929985      4.57079895               0
  129      3.17753655      6.55931113               0
  130      1.98958773       5.1145194               0
  131      3.51694299      7.72109036               0
  132      3.52941176               8               0
  133     0.859110581      4.57290764               0
  134      3.51633841       7.4382331               0
  135      3.13014654      6.26339396               0
  136      1.70715203      4.84349259               0
  137      1.14724298      4.57312288               0
  138      3.51616203      7.14410226               0
  139      2.82777124      5.70258485               0
  140      2.54752341      5.39344263               0
  141      3.09061627      6.00337242               0
  142      2.26599948      5.10015114               0
  143      3.49992419      6.83354508               0
  144               0      4.28571429               0
  145      1.43563357      4.57106418               0
  146     0.288024834      4.28189025               0
  147      1.99120725      4.83103642               0
  148     0.577133131      4.28364849               0
  149      3.46595802      6.51832137               0
  150      0.86772824      4.28525144               0
  151      3.82352941               8               0
  152      3.81674777      7.71721996               0
  153      2.83415697      5.41780975               0
  154       3.3937174      6.20627986               0
  155      3.10531581       5.7418745               0
  156      3.29056847      6.01631442               0
  157      1.71931197      4.56100733               0
  158      2.55306395      5.10912783               0
  159      3.81759517      7.43155581               0
  160      1.15847509      4.28841131               0
  161      2.27776081      4.82490434               0
  162      3.81955966      7.13455986               0
  163      1.44904708      4.28725983               0
  164      2.00490407       4.5519365               0
  165       3.8100502      6.81249656               0
  166               0               4               0
  167     0.293692142               4               0
  168      3.37894578      5.82807746               0
  169       3.1243397      5.45497008               0
  170     0.587384283               4               0
  171      2.84580314      5.12758408               0
  172      3.77549622      6.45227021               0
  173      2.56173935      4.82267609               0
  174     0.881076425               4               0
  175      1.73930627      4.28105296               0
  176      4.11764706               8               0
  177      4.11299926      7.71401364               0
  178      2.29209715      4.54575368               0
  179      4.11819814      7.42461997               0
  180      1.17476857               4               0
  181      3.68435283      6.02057443               0
  182       4.1247482      7.12257043               0
  183      3.42479379      5.51804372               0
  184      3.14010299      5.15266954               0
  185      2.02671317      4.27594466               0
  186      1.46846071               4               0
  187      2.85588867      4.83072923               0
  188      4.12706195      6.79560618               0
  189      2.57872628      4.54146721               0
  190      1.76215285               4               0
  191      2.31480606      4.27001778               0
  192      4.12409348      6.43652736               0
  193      4.41176471               8               0
  194      4.41335295      7.71156076               0
  195      3.44675407       5.1940862               0
  196      4.42145357      7.42028909               0
  197      3.15959329      4.84751485               0
  198      3.75587253        5.587257               0
  199      2.05584499               4               0
  200      2.87588461      4.53887814               0
  201      4.43407257      7.11659819               0
  202      2.60497186      4.26884305               0
  203      4.11773221      6.02898761               0
  204      4.44836789      6.79048538               0
  205      2.34953713               4               0
  206      3.46043406      4.88799007               0
  207      3.76168545      5.21764145               0
  208      4.70588235               8               0
  209      2.88312583      4.26388721               0
  210      4.71144291      7.70964807               0
  211      3.20325331      4.52647029               0
  212      4.46930289      6.44446459               0
  213       4.7250175      7.41820418               0
  214      4.14706183      5.59814188               0
  215      2.64322928               4               0
  216      4.74274328      7.11767149               0
  217      3.48738655      4.61053949               0
  218       3.7536581      4.89829435               0
  219      3.14954026      4.25059815               0
  220      4.76303416      6.80527258               0
  221      4.51157695       6.0541915               0
  222      3.36741679       4.3794204               0
  223      2.91471465               4               0
  224       4.0958636      5.19913746               0
  225               5               8               0
  226      5.01116991      7.70833345               0
  227      4.79291451      6.48300896               0
  228      3.74806082      4.62590058               0
  229      3.53779799      4.40179702               0
  230      5.02931487      7.41626104               0
  231      3.36119906      4.20999388               0
  232      3.16004855               4               0
  233      4.04311582      4.86826845               0
  234      5.04804032      7.12004546               0
  235      4.84626374      6.15540374               0
  236      3.74669991      4.39902143               0
  237      3.55434781      4.20500561               0
  238      5.06849767       6.8212029               0
  239      4.62012002      5.57904293               0
  240      3.38070627               4               0
  241      4.00240749      4.58624314               0
  242      4.43801668      5.12419514               0
  243             5.3               8               0
  244      5.09273129      6.51938821               0
  245      5.31537898      7.70656115               0
  246      3.74494092      4.19920701               0
  247      5.33275367      7.41554601               0
  248       3.5783289               4               0
  249      3.95599991      4.36918113               0
  250      4.32053408      4.78939884               0
  251      4.96186038      5.85757873               0
  252      5.12069801      6.22918317               0
  253      5.35160547      7.12504643               0
  254      3.92492489      4.18249985               0
  255        3.754649               4               0
  256      5.36937636       6.8295398               0
  257       5.1466447      6.01555008               0
  258      4.26280225      4.48537411               0
  259       4.1414038       4.2995155               0
  260      5.38560317       6.5336538               0
  261      3.91142938               4               0
  262             5.6               8               0
  263      4.08074908      4.14988482               0
  264      4.54998456      4.70212548               0
  265      5.61394227       7.7077293               0
  266      4.72380199       4.9383429               0
  267      5.62970157      7.41653375               0
  268       5.3887806      6.24166818               0
  269      4.05041461               4               0
  270      4.48103915      4.48169635               0
  271      4.26363807      4.19782445               0
  272       5.6498316      7.12534135               0
  273      4.19950681      4.10715629               0
  274      5.23967971      5.68451772               0
  275      5.36001606      5.96715933               0
  276      4.36605006      4.28063728               0
  277      5.05598155      5.27699555               0
  278      4.17329439               4               0
  279      4.67456301      4.59906386               0
  280      5.66588895      6.83121424               0
  281      4.27492608      4.07126637               0
  282      4.49182219      4.30914841               0
  283      4.62862886      4.45672786               0
  284      4.34198854      4.10212212               0
  285      4.28167725               4               0
  286      5.67819906      6.53773026               0
  287      4.44593775      4.13020216               0
  288      4.86613402      4.66692188               0
  289      4.60165064      4.31024036               0
  290             5.9               8               0
  291      4.52170631      4.18756311               0
  292      5.91068854       7.7078223               0
  293      4.37707315               4               0
  294      4.75726264      4.43591086               0
  295       5.6804812      6.24399917               0
  296      5.92550776      7.41622336               0
  297      4.59681569      4.19878627               0
  298      4.55133299      4.13036153               0
  299      4.70154337      4.29729855               0
  300      4.46088304               4               0
  301      4.53208831      4.08013735               0
  302      5.94678624      7.12171438               0
  303      5.65202805      5.94925527               0
  304      4.60020437      4.12338412               0
  305      4.67041791      4.19302272               0
  306      5.17679538      4.87695064               0
  307      4.53439425               4               0
  308      4.59631665      4.06314735               0
  309       5.5885156      5.64760905               0
  310      4.65842128      4.11746366               0
  311      4.77684228      4.25002026               0
  312      4.85450311      4.34989048               0
  313      5.96614878      6.83224557               0
  314       4.7350701      4.17295942               0
  315      4.59878006               4               0
  316      4.65343871      4.05555473               0
  317      4.99824708      4.48434115               0
  318      4.71308906      4.10569501               0
  319       4.6551024               4               0
  320      4.77993113      4.14309969               0
  321      4.70454532      4.05008884               0
  322      5.52776361      5.31526512               0
  323      4.82643132      4.19434959               0
  324      5.97747907      6.54059244               0
  325      4.76190667      4.09400458               0
  326       4.7043168               4               0
  327      4.80764327      4.12151896               0
  328      4.74981833      4.04530694               0
  329      4.91462481      4.24914924               0
  330      4.84417281       4.1433442               0
  331      4.80478815      4.08191669               0
  332             6.2               8               0
  333      4.74727873               4               0
  334      4.78901976      4.03993922               0
  335      5.03182783      4.34840722               0
  336      6.21130452      7.70709737               0
  337      4.84614141      4.09764641               0
  338      4.90006479      4.16075488               0
  339      4.82376846      4.05905834               0
  340       5.9830709      6.24801071               0
  341      4.78475078               4               0
  342      4.81886316      4.03278892               0
  343      4.84949999      4.06268299               0
  344      4.88961628      4.10387787               0
  345      6.22499186      7.41436997               0
  346      4.81741024               4               0
  347      4.84668564      4.03145729               0
  348      4.98771325      4.20411571               0
  349      4.88140447      4.06256991               0
  350       4.9539445      4.14662089               0
  351      5.25917214       4.5729919               0
  352      4.84585671               4               0
  353        5.057184       4.2662872               0
  354      4.87392814      4.02988994               0
  355      4.93659087      4.09496595               0
  356      5.16179991      4.39133814               0
  357      4.87061959               4               0
  358      4.91537068      4.05353638               0
  359      6.24560717      7.12071479               0
  360      5.96629952      5.95142083               0
  361      4.89872869      4.02558821               0
  362      5.54606819      4.98626426               0
  363       4.9695658      4.10142536               0
  364      5.12668616      4.30671655               0
  365      4.89216515               4               0
  366      4.99269409        4.125574               0
  367      4.92169581       4.0347755               0
  368      4.91502164      4.01907159               0
  369      4.94003096       4.0490138               0
  370      4.95655634      4.06934191               0
  371      5.03514343      4.16133849               0
  372      4.93469513      4.03171852               0
  373      4.91090324               4               0
  374      4.92981885      4.01606413               0
  375      4.98231265      4.08118886               0
  376      4.95493587      4.03970903               0
  377      4.94781288      4.02702571               0
  378       4.9271935               4               0
  379       4.9691583      4.05021625               0
  380       5.0959677      4.21209734               0
  381      4.94346937       4.0136386               0
  382      4.96299355      4.03207182               0
  383      5.01441062      4.09448521               0
  384      4.95894896      4.02294798               0
  385      4.94135097               4               0
  386      4.99003623      4.05829786               0
  387      4.95539118      4.01172248               0
  388      4.97566196      4.03330774               0
  389      4.96959822      4.02097191               0
  390      4.95365132               4               0
  391      4.96593922      4.01043479               0
  392      4.99302476      4.03927447               0
  393      6.26537597      6.83218682               0
  394      4.96433542               4               0
  395      5.16539135      4.26311402               0
  396      4.97833412      4.01677599               0
  397      4.98421027      4.02346513               0
  398      5.01607227      4.06248128               0
  399      4.97497605      4.00885203               0
  400      5.93148182      5.64972202               0
  401      4.97361361               4               0
  402      4.99465198      4.02609235               0
  403      4.98469795      4.01342657               0
  404      4.98864461       4.0175314               0
  405      4.98237832      4.00740962               0
  406      4.99089225      4.01460641               0
  407      4.99477799      4.01862748               0
  408      4.98945767      4.01168528               0
  409      5.01174885      4.03939992               0
  410      4.98166931               4               0
  411      4.99459741      4.01429857               0
  412       4.9884428      4.00653654               0
  413      5.06855324      4.10722386               0
  414      4.99378296      4.01063168               0
  415      5.00152089      4.01652764               0
  416      4.98866244               4               0
  417      4.99888218      4.01250118               0
  418      4.99375047      4.00603789               0
  419       5.0073403      4.02300273               0
  420      4.99707054      4.00999515               0
  421      4.99819867      4.00620378               0
  422      4.99473225               4               0
  423      5.00173229      4.00839249               0
  424      5.00540691      4.01181199               0
  425      5.00883404      4.01535411               0
  426      5.24449606      4.32895305               0
  427               5               4               0
  428      5.00444139        4.003053               0
  429      5.04936821      4.05758904               0
  430      5.00931536      4.00672383               0
  431               5      3.99463252               0
  432      5.01407723      4.01127859               0
  433      5.01994571      4.01763964               0
  434      5.03200824      4.03244179               0
  435      5.13046881      4.15823935               0
  436      5.00655044      3.99694844               0
  437               5      3.98822398               0
  438       5.0131418      4.00071733               0
  439      5.01834061      4.00542799               0
  440               5      3.98057412               0
  441      5.00874742      3.99030018               0
  442      5.01810862      3.99502016               0
  443               5      3.97144488               0
  444      5.02829282      4.00473674               0
  445      5.01087697      3.98173748               0
  446               5      3.96055357               0
  447      5.02304485      3.98516718               0
  448       5.0125077      3.97156382               0
  449      5.04839426      4.01512913               0
  450      5.19441549      4.20468912               0
  451               5      3.94756485               0
  452      5.03667489      3.99046676               0
  453      5.01446599      3.96016606               0
  454      5.02651893       3.9734443               0
  455      6.27632725      6.54255378               0
  456               5      3.93208154               0
  457       5.0545638      3.99695143               0
  458       5.0167232      3.94752863               0
  459      5.08083908      4.02820921               0
  460      5.02947531      3.96144188               0
  461      5.04193712      3.97676274               0
  462      5.12079308      4.06843655               0
  463               5      3.91363398               0
  464      5.07288132      4.00331854               0
  465        5.032399      3.95001656               0
  466      5.04426601      3.96310007               0
  467      5.02049125      3.93325065               0
  468      5.06028865      3.98003984               0
  469      5.37969374      4.41255116               0
  470       5.0438199      3.95317895               0
  471      5.17055778      4.11411116               0
  472               5      3.89166792               0
  473      5.03957759      3.93791679               0
  474        5.061091      3.96307386               0
  475      5.21096936      4.15614195               0
  476      5.90581686      5.34301398               0
  477      5.02566423      3.91547564               0
  478      5.08287498      3.98596963               0
  479      5.05447136      3.94790585               0
  480      5.27821915      4.23922852               0
  481      5.57932459      4.69977842               0
  482               5      3.86553081               0
  483      5.05092794      3.92409473               0
  484      5.11299195      3.99927047               0
  485        5.085338      3.96124968               0
  486      5.03225947      3.89410633               0
  487      5.07293549      3.93834815               0
  488             6.5               8               0
  489               5      3.83445662               0
  490      5.06553445      3.90463833               0
  491      5.16293787      4.02641583               0
  492      5.03765065      3.86779379               0
  493      6.50953766       7.7061972               0
  494      6.28308602      6.25183901               0
  495      5.12362294      3.95967611               0
  496      5.09869512      3.92720274               0
  497      5.27119923      4.15113273               0
  498               5      3.79754909               0
  499      5.22516542      4.07819612               0
  500      5.04365402      3.83701211               0
  501      5.08192382      3.88119784               0
  502      6.52536012      7.41198618               0
  503               5      3.75376396               0
  504      5.13272761      3.90847297               0
  505      5.04884118      3.80057251               0
  506      5.40707277      4.26693256               0
  507       5.0952495      3.84824682               0
  508      5.19280102       3.9597602               0
  509               5      3.70189039               0
  510      5.05538951      3.75833901               0
  511      5.89997499      5.04155277               0
  512      5.10226793      3.80973918               0
  513       6.5435702      7.11821513               0
  514      6.27934306      5.95842397               0
  515      5.15749048      3.86573108               0
  516      5.37678199      4.13006686               0
  517      5.29744545      4.02181628               0
  518      5.61336837      4.47584857               0
  519      5.10739375      3.77036531               0
  520               5      3.64053281               0
  521      5.06532312      3.70865425               0
  522      5.15942289      3.81848247               0
  523      5.15138221      3.78304834               0
  524      5.24443754      3.88875702               0
  525      6.56194609       6.8309699               0
  526      5.13026491      3.72696932               0
  527               5      3.56809414               0
  528      6.25954239      5.66019446               0
  529      5.08005854      3.64696859               0
  530      5.22868015      3.81321889               0
  531      5.18846495      3.75799211               0
  532      5.60040557      4.26542683               0
  533      6.57364686      6.54378385               0
  534      5.90402402      4.75853038               0
  535      5.16101277      3.66856048               0
  536               5      3.48276259               0
  537      5.09452017      3.56891756               0
  538      5.39598871      3.91768342               0
  539      5.24353254      3.70873188               0
  540      6.24448841      5.36177236               0
  541      5.53190752       4.0786515               0
  542      5.32536579      3.78404921               0
  543             6.8               8               0
  544               5      3.38250454               0
  545       6.5812511      6.25522394               0
  546      5.19216547      3.58755518               0
  547      6.80929812      7.70424708               0
  548      5.10693087      3.48123252               0
  549      6.82334075       7.4091624               0
  550      5.89210324      4.49114229               0
  551      5.30078622      3.62417466               0
  552               5      3.26506711               0
  553      6.58129832       5.9645499               0
  554      6.23570529      5.06656788               0
  555      5.21459992      3.49472135               0
  556      5.12135977      3.38778878               0
  557      6.84090646      7.11610489               0
  558      5.43058457      3.69722137               0
  559      5.22322431      3.41042903               0
  560      5.84927364      4.24027469               0
  561      6.85665202      6.83045169               0
  562      5.57930475      3.82097191               0
  563      6.57275317      5.66976275               0
  564      5.34151132      3.50779827               0
  565               5      3.12799479               0
  566      5.16021814      3.28382813               0
  567      5.75212474      3.99698939               0
  568       6.2231662      4.77474707               0
  569      6.86575928      6.54369861               0
  570      6.55994523      5.37212028               0
  571      5.33371324      3.34877694               0
  572      5.51956468      3.56674339               0
  573      6.87501605      6.25705635               0
  574               5       2.9686656               0
  575             7.1               8               0
  576      5.18579954      3.13367969               0
  577      7.10848207      7.69983041               0
  578      6.20174692      4.48991552               0
  579       7.1214861      7.40509781               0
  580      6.87755108      5.96832224               0
  581      6.55115459      5.07691208               0
  582      5.73989571      3.67423773               0
  583      7.13648195      7.11577532               0
  584               5      2.78435273               0
  585      5.57179698       3.3925137               0
  586      6.14812572      4.19472481               0
  587      5.38978045      3.16348642               0
  588      7.14905296      6.83034791               0
  589      5.20649451      2.96125247               0
  590      6.87373707      5.67478169               0
  591      6.54061075      4.78328998               0
  592      7.15772221      6.54350255               0
  593      6.04248608       3.8550864               0
  594      6.86561605      5.37743175               0
  595      7.16530043       6.2568708               0
  596               5      2.57231772               0
  597      5.82379031      3.45894237               0
  598      5.61503077      3.19669701               0
  599      5.42457824      2.97479203               0
  600      5.22734465      2.76741492               0
  601             7.4               8               0
  602      6.51989803      4.48953311               0
  603      7.40786373      7.70047155               0
  604      7.41769838      7.40266919               0
  605      7.16843892      5.96886983               0
  606      6.85517387      5.07990646               0
  607      7.42670344      7.11457869               0
  608      6.48206399      4.18941655               0
  609      7.43685467      6.82698746               0
  610      7.16383918      5.67236621               0
  611      5.65554539      2.99804416               0
  612      5.46225951      2.77623585               0
  613      5.86683512      3.23369895               0
  614               5      2.32994043               0
  615      6.84250115      4.78366086               0
  616      5.24845765      2.54755689               0
  617      6.11663342      3.53531911               0
  618      7.44611285      6.54186863               0
  619      7.15684622      5.37366396               0
  620      6.44644143      3.87823689               0
  621      7.44991067      6.25239966               0
  622       6.8299756      4.48980749               0
  623             7.7               8               0
  624      5.69452831      2.80381986               0
  625      7.70527448       7.6993866               0
  626      5.88804426      3.01686773               0
  627      7.14925468       5.0760866               0
  628      7.45367077      5.96371736               0
  629      7.71086222      7.40468673               0
  630      5.50440825      2.55499186               0
  631       5.2620777      2.29550306               0
  632      6.15155262      3.26067044               0
  633      7.71577877      7.11288279               0
  634               5      2.05488825               0
  635      6.80664033      4.19114731               0
  636      7.44937112      5.66535741               0
  637      7.72205058      6.82364386               0
  638      5.88712521      2.83843918               0
  639       6.4574477      3.57175031               0
  640      7.14424438      4.78163951               0
  641      7.72578345      6.53290427               0
  642      7.44395127      5.36599345               0
  643      5.77617745      2.59413229               0
  644      7.72589895      6.23836204               0
  645      6.14782267      2.99212719               0
  646      6.79118974      3.89177948               0
  647      5.53418042      2.29494104               0
  648      7.13030512      4.48457701               0
  649       5.2711179      2.02422956               0
  650               5      1.76133279               0
  651      7.72790169      5.94592202               0
  652      7.44075427      5.06913648               0
  653               8               8               0
  654               8       7.7037037               0
  655      6.47168239      3.27798054               0
  656               8      7.40740741               0
  657               8      7.11111111               0
  658      6.07880305      2.69462995               0
  659      7.11757289      4.18852452               0
  660      7.72876647      5.65145343               0
  661               8      6.81481481               0
  662      6.78773315      3.59047621               0
  663      7.43678558      4.77316815               0
  664      5.82299733      2.31980298               0
  665               8      6.51851852               0
  666      5.54978563      2.01591522               0
  667       7.7252549      5.35232503               0
  668      6.46637198      2.98770109               0
  669      5.27642941      1.74054725               0
  670               8      6.22222222               0
  671      7.10796322      3.89319868               0
  672      7.42942761      4.47833653               0
  673               5      1.46777732               0
  674      6.78997126      3.29151305               0
  675               8      5.92592593               0
  676       7.7242027      5.05535121               0
  677      6.13089272      2.35835671               0
  678               8      5.62962963               0
  679      7.41942092      4.18164421               0
  680      6.44684216      2.68498406               0
  681      5.84399814      2.02819318               0
  682      7.10295413      3.59561756               0
  683      7.72325957        4.758795               0
  684      5.55633663      1.72771256               0
  685      5.27826309       1.4489141               0
  686               8      5.33333333               0
  687      6.78713709      2.99098191               0
  688               5      1.17422186               0
  689      7.41177586      3.88553958               0
  690      7.71754942      4.46345487               0
  691      7.10204455      3.29629529               0
  692               8      5.03703704               0
  693      6.15182201       2.0452436               0
  694       6.4605307      2.37096062               0
  695       5.8513876      1.73181091               0
  696      5.56288528      1.43985942               0
  697      7.71131074      4.16642537               0
  698      6.78166293      2.68664458               0
  699      7.40755278      3.58962342               0
  700               8      4.74074074               0
  701      5.28106402      1.15779928               0
  702      7.09880377      2.99164506               0
  703               5     0.880666393               0
  704      7.70827262      3.87245426               0
  705               8      4.44444444               0
  706      7.40494214      3.28830709               0
  707      6.16029402       1.7449723               0
  708      6.47182842      2.05927808               0
  709      5.85941788      1.44210548               0
  710      6.78298437      2.37882143               0
  711      5.56931665      1.15168458               0
  712      7.09546639      2.68681688               0
  713      5.28570322     0.869513217               0
  714               8      4.14814815               0
  715       7.7055652      3.57703826               0
  716      7.40338881      2.98657434               0
  717               5     0.587110928               0
  718      6.16732308      1.45162191               0
  719      6.47530789      1.75497487               0
  720               8      3.85185185               0
  721      6.79152221      2.07368912               0
  722      5.86741003      1.15319376               0
  723      7.70425075      3.27739533               0
  724      7.09822165      2.38399138               0
  725      5.57725609     0.864525079               0
  726       5.2891716      0.57939933               0
  727       7.4031772       2.6849865               0
  728               8      3.55555556               0
  729               5     0.293555464               0
  730      7.70412304      2.97925788               0
  731       6.4780867      1.46067846               0
  732      6.17149373       1.1587314               0
  733      6.79283683      1.76942253               0
  734      7.10014798      2.08148454               0
  735      5.87579178      0.86436913               0
  736      5.58483251     0.576291485               0
  737      7.40549949      2.38554148               0
  738               8      3.25925926               0
  739      5.29233979     0.289491488               0
  740      7.70370753       2.6784415               0
  741      6.47966848      1.16828873               0
  742      6.79177209      1.47345388               0
  743               5               0               0
  744      6.18002176     0.868295604               0
  745      7.10057769      1.78079167               0
  746               8      2.96296296               0
  747      5.88510168     0.576025628               0
  748      7.40593157      2.08570339               0
  749      5.59063916     0.287067137               0
  750      7.70502077      2.38075412               0
  751             5.3               0               0
  752               8      2.66666667               0
  753      6.79299189      1.17943492               0
  754      6.48647058     0.873209762               0
  755      7.10026411      1.48276802               0
  756      6.18633097     0.576872119               0
  757      7.40414629      1.78454643               0
  758      5.89345147     0.286569779               0
  759      7.70596709       2.0828904               0
  760             5.6               0               0
  761               8      2.37037037               0
  762      6.79476305     0.886002366               0
  763       7.1008622      1.18699695               0
  764      6.49212196     0.580300049               0
  765      7.40498704      1.48710536               0
  766      6.19470091     0.287430743               0
  767      7.70508887      1.78458529               0
  768             5.9               0               0
  769               8      2.07407407               0
  770      7.10186601     0.892490891               0
  771       6.7984363     0.591175555               0
  772      7.40541797      1.19178238               0
  773      6.49839954     0.290716864               0
  774      7.70490025      1.48530411               0
  775             6.2               0               0
  776               8      1.77777778               0
  777      7.10007496      0.59792948               0
  778      7.40480418     0.895517549               0
  779      6.80057264     0.297529822               0
  780      7.70355873      1.18885477               0
  781             6.5               0               0
  782               8      1.48148148               0
  783      7.40397969     0.599489838               0
  784      7.10059336     0.298942095               0
  785      7.70391672     0.893147406               0
  786             6.8               0               0
  787               8      1.18518519               0
  788      7.40172583     0.300309077               0
  789      7.70204837     0.596307559               0
  790             7.1               0               0
  791               8     0.888888889               0
  792      7.70029707     0.300000401               0
  793             7.4               0               0
  794               8     0.592592593               0
  795             7.7               0               0
  796               8     0.296296296               0
  797               8               0               0