1 1 2 4 3
2 144 166 167 146
3 2 5 7 4
4 122 144 146 124
5 5 10 12 7
6 105 122 124 106
7 10 16 17 12
8 87 105 106 90
9 16 25 26 17
10 72 87 90 73
11 25 34 35 26
12 57 72 73 59
13 34 44 46 35
14 44 57 59 46
15 729 743 751 739
16 717 729 739 726
17 703 717 726 713
18 688 703 713 701
19 673 688 701 685
20 650 673 685 669
21 634 650 669 649
22 614 634 649 631
23 596 614 631 616
24 584 596 616 600
25 574 584 600 589
26 565 574 589 576
27 552 565 576 566
28 544 552 566 556
29 536 544 556 548
30 527 536 548 537
31 520 527 537 529
32 509 520 529 521
33 503 509 521 510
34 498 503 510 505
35 489 498 505 500
36 482 489 500 492
37 472 482 492 486
38 463 472 486 477
39 456 463 477 467
40 451 456 467 458
41 446 451 458 453
42 443 446 453 448
43 440 443 448 445
44 437 440 445 441
45 431 437 441 436
46 422 427 421 418
47 427 431 436 428
48 416 422 418 412
49 410 416 412 405
50 401 410 405 399
51 394 401 399 391
52 390 394 391 387
53 385 390 387 381
54 378 385 381 374
55 373 378 374 368
56 365 373 368 361
57 357 365 361 354
58 352 357 354 347
59 346 352 347 342
60 341 346 342 334
61 333 341 334 328
62 326 333 328 321
63 319 326 321 316
64 315 319 316 308
65 307 315 308 301
66 300 307 301 287
67 293 300 287 284
68 285 293 284 281
69 278 285 281 273
70 269 278 273 263
71 261 269 263 254
72 255 261 254 246
73 248 255 246 237
74 240 248 237 231
75 232 240 231 219
76 223 232 219 209
77 215 223 209 202
78 167 170 148 146
79 205 215 202 191
80 170 174 150 148
81 199 205 191 185
82 174 180 160 150
83 190 199 185 175
84 180 186 163 160
85 186 190 175 163
86 6 3 4 8
87 11 6 8 13
88 18 11 13 19
89 27 18 19 28
90 36 27 28 37
91 48 36 37 50
92 63 48 50 62
93 78 63 62 77
94 94 78 77 92
95 111 94 92 110
96 132 111 110 131
97 151 132 131 152
98 176 151 152 177
99 193 176 177 194
100 208 193 194 210
101 225 208 210 226
102 797 796 792 795
103 654 653 623 625
104 796 794 789 792
105 656 654 625 629
106 794 791 785 789
107 657 656 629 633
108 791 787 780 785
109 661 657 633 637
110 787 782 774 780
111 665 661 637 641
112 782 776 767 774
113 670 665 641 644
114 776 769 759 767
115 675 670 644 651
116 769 761 750 759
117 678 675 651 660
118 761 752 740 750
119 686 678 660 667
120 752 746 730 740
121 692 686 667 676
122 746 738 723 730
123 700 692 676 683
124 738 728 715 723
125 705 700 683 690
126 728 720 704 715
127 714 705 690 697
128 720 714 697 704
129 751 760 749 739
130 243 225 226 245
131 793 795 792 788
132 623 601 603 625
133 760 768 758 749
134 262 243 245 265
135 790 793 788 784
136 601 575 577 603
137 768 775 766 758
138 290 262 265 292
139 786 790 784 779
140 575 543 547 577
141 775 781 773 766
142 781 786 779 773
143 332 290 292 336
144 543 488 493 547
145 488 332 336 493
146 427 428 423 421
147 428 436 438 430
148 436 441 442 438
149 441 445 447 442
150 445 448 454 447
151 448 453 460 454
152 453 458 465 460
153 458 467 473 465
154 467 477 483 473
155 477 486 490 483
156 486 492 501 490
157 492 500 507 501
158 500 505 512 507
159 505 510 519 512
160 510 521 526 519
161 521 529 535 526
162 529 537 546 535
163 537 548 555 546
164 548 556 559 555
165 556 566 571 559
166 566 576 587 571
167 576 589 599 587
168 589 600 612 599
169 600 616 630 612
170 726 739 749 736
171 792 789 783 788
172 4 7 9 8
173 789 785 778 783
174 713 726 736 725
175 7 12 14 9
176 629 625 603 604
177 784 788 783 777
178 779 784 777 771
179 773 779 771 764
180 616 631 647 630
181 749 758 747 736
182 766 773 764 756
183 758 766 756 747
184 146 148 128 124
185 106 124 128 107
186 633 629 604 607
187 637 633 607 609
188 631 649 666 647
189 90 106 107 91
190 73 90 91 74
191 59 73 74 61
192 46 59 61 51
193 35 46 51 38
194 26 35 38 29
195 17 26 29 21
196 12 17 21 14
197 649 669 684 666
198 669 685 696 684
199 685 701 711 696
200 701 713 725 711
201 603 577 579 604
202 148 150 133 128
203 150 160 137 133
204 160 163 145 137
205 163 175 157 145
206 577 547 549 579
207 641 637 609 618
208 547 493 502 549
209 493 336 345 502
210 336 292 296 345
211 292 265 267 296
212 265 245 247 267
213 245 226 230 247
214 226 210 213 230
215 210 194 196 213
216 194 177 179 196
217 177 152 159 179
218 152 131 134 159
219 131 110 115 134
220 110 92 96 115
221 92 77 79 96
222 77 62 64 79
223 62 50 52 64
224 50 37 40 52
225 37 28 30 40
226 28 19 22 30
227 13 8 9 15
228 19 13 15 22
229 785 780 772 778
230 780 774 765 772
231 774 767 757 765
232 767 759 748 757
233 175 185 164 157
234 185 191 178 164
235 191 202 189 178
236 202 209 200 189
237 209 219 211 200
238 219 231 222 211
239 231 237 229 222
240 237 246 236 229
241 246 254 249 236
242 254 263 259 249
243 263 273 271 259
244 273 281 284 271
245 644 641 618 621
246 651 644 621 628
247 759 750 737 748
248 750 740 727 737
249 740 730 716 727
250 730 723 706 716
251 723 715 699 706
252 715 704 689 699
253 704 697 679 689
254 697 690 672 679
255 690 683 663 672
256 683 676 652 663
257 676 667 642 652
258 660 651 628 636
259 667 660 636 642
260 418 421 420 414
261 412 418 414 408
262 405 412 408 403
263 399 405 403 396
264 391 399 396 389
265 387 391 389 384
266 381 387 384 377
267 374 381 377 372
268 368 374 372 367
269 361 368 367 358
270 354 361 358 349
271 347 354 349 343
272 342 347 343 339
273 334 342 339 331
274 328 334 331 325
275 321 328 325 318
276 316 321 318 310
277 308 316 310 304
278 301 308 304 298
279 287 301 298 291
280 423 428 430 424
281 421 423 417 420
282 284 287 276 271
283 259 271 276 258
284 287 291 282 276
285 298 304 297 291
286 304 310 305 297
287 310 318 314 305
288 318 325 320 314
289 325 331 327 320
290 339 343 337 331
291 343 349 344 337
292 372 377 376 369
293 377 384 382 376
294 384 389 388 382
295 389 396 397 388
296 9 14 20 15
297 14 21 23 20
298 607 604 579 583
299 609 607 583 588
300 249 259 258 241
301 236 249 241 228
302 229 236 228 217
303 222 229 217 211
304 128 133 113 107
305 91 107 113 97
306 777 783 778 770
307 778 772 763 770
308 772 765 755 763
309 618 609 588 592
310 621 618 592 595
311 628 621 595 605
312 636 628 605 610
313 642 636 610 619
314 725 736 747 735
315 711 725 735 722
316 696 711 722 709
317 652 642 619 627
318 133 137 119 113
319 74 91 97 81
320 771 777 770 762
321 764 771 762 754
322 747 756 744 735
323 756 764 754 744
324 22 15 20 24
325 663 652 627 640
326 672 663 640 648
327 679 672 648 659
328 689 679 659 671
329 30 22 24 33
330 40 30 33 43
331 52 40 43 54
332 64 52 54 69
333 79 64 69 83
334 96 79 83 98
335 115 96 98 117
336 134 115 117 138
337 159 134 138 162
338 179 159 162 182
339 196 179 182 201
340 213 196 201 216
341 684 696 709 695
342 666 684 695 681
343 765 757 745 755
344 757 748 734 745
345 748 737 724 734
346 737 727 712 724
347 727 716 702 712
348 716 706 691 702
349 699 689 671 682
350 706 699 682 691
351 137 145 125 119
352 145 157 136 125
353 157 164 147 136
354 164 178 161 147
355 178 189 173 161
356 189 200 187 173
357 200 211 197 187
358 647 666 681 664
359 630 647 664 643
360 612 630 643 624
361 599 612 624 611
362 587 599 611 598
363 571 587 598 585
364 61 74 81 66
365 51 61 66 53
366 38 51 53 42
367 21 29 32 23
368 29 38 42 32
369 230 213 216 234
370 247 230 234 253
371 267 247 253 272
372 296 267 272 302
373 345 296 302 359
374 502 345 359 513
375 579 549 557 583
376 549 502 513 557
377 414 420 417 411
378 408 414 411 406
379 403 408 406 404
380 396 403 404 397
381 438 442 444 439
382 430 438 439 432
383 442 447 452 444
384 447 454 461 452
385 454 460 466 461
386 460 465 470 466
387 465 473 479 470
388 473 483 487 479
389 483 490 496 487
390 490 501 504 496
391 501 507 515 504
392 507 512 522 515
393 512 519 523 522
394 519 526 531 523
395 526 535 539 531
396 535 546 551 539
397 546 555 564 551
398 555 559 571 564
399 417 423 424 415
400 430 432 425 424
401 444 452 457 449
402 439 444 433 432
403 452 461 468 457
404 461 466 474 468
405 444 449 434 433
406 349 358 355 344
407 331 337 330 327
408 337 344 338 330
409 564 571 585 572
410 276 282 270 258
411 291 297 289 282
412 297 305 299 289
413 305 314 311 299
414 314 320 323 311
415 320 327 330 323
416 588 583 557 561
417 551 564 572 558
418 539 551 558 542
419 531 539 542 530
420 523 531 530 522
421 524 515 522 530
422 24 20 23 31
423 33 24 31 41
424 762 770 763 753
425 763 755 742 753
426 755 745 733 742
427 745 734 721 733
428 734 724 710 721
429 197 211 217 206
430 23 32 39 31
431 32 42 47 39
432 724 712 698 710
433 43 33 41 49
434 54 43 49 60
435 69 54 60 71
436 83 69 71 86
437 98 83 86 104
438 117 98 104 121
439 138 117 121 143
440 162 138 143 165
441 113 119 101 97
442 81 97 101 84
443 66 81 84 70
444 42 53 58 47
445 53 66 70 58
446 119 125 108 101
447 125 136 120 108
448 136 147 130 120
449 147 161 142 130
450 161 173 158 142
451 173 187 171 158
452 187 197 184 171
453 712 702 687 698
454 702 691 674 687
455 691 682 662 674
456 682 671 646 662
457 671 659 635 646
458 659 648 622 635
459 592 588 561 569
460 595 592 569 573
461 605 595 573 580
462 648 640 615 622
463 722 735 744 732
464 709 722 732 718
465 557 513 525 561
466 513 359 393 525
467 359 302 313 393
468 302 272 280 313
469 272 253 256 280
470 253 234 238 256
471 234 216 220 238
472 216 201 204 220
473 182 162 165 188
474 201 182 188 204
475 610 605 580 590
476 619 610 590 594
477 640 627 606 615
478 627 619 594 606
479 217 228 218 206
480 228 241 233 218
481 241 258 250 233
482 695 709 718 707
483 744 754 741 732
484 754 762 753 741
485 681 695 707 693
486 664 681 693 677
487 643 664 677 658
488 624 643 658 638
489 611 624 638 626
490 598 611 626 613
491 585 598 613 597
492 406 411 407 404
493 411 417 415 407
494 376 382 388 379
495 369 376 379 370
496 358 369 370 355
497 388 392 386 379
498 487 496 495 485
499 496 504 508 495
500 479 487 485 474
501 404 407 402 397
502 424 425 419 415
503 425 432 433 419
504 470 479 474 466
505 409 392 402 419
506 402 407 415 419
507 449 459 429 434
508 434 429 398 409
509 392 409 398 386
510 449 457 464 459
511 457 468 478 464
512 478 468 474 485
513 370 379 386 375
514 355 370 375 363
515 344 355 350 338
516 330 338 329 323
517 508 504 515 524
518 485 495 484 478
519 484 459 464 478
520 495 508 491 484
521 282 289 283 270
522 289 299 294 283
523 311 323 329 312
524 299 311 312 294
525 572 585 597 582
526 530 542 538 524
527 558 572 582 562
528 542 558 562 538
529 258 270 264 250
530 101 108 93 84
531 70 84 93 80
532 718 732 741 731
533 741 753 742 731
534 707 718 731 719
535 731 742 733 719
536 58 70 80 67
537 47 58 67 55
538 41 31 39 45
539 39 47 55 45
540 49 41 45 56
541 569 561 525 533
542 525 393 455 533
543 393 313 324 455
544 60 49 56 68
545 197 206 195 184
546 71 60 68 82
547 573 569 533 545
548 580 573 545 553
549 590 580 553 563
550 594 590 563 570
551 206 218 207 195
552 86 71 82 95
553 693 707 719 708
554 719 733 721 708
555 677 693 708 694
556 658 677 694 680
557 708 721 710 694
558 694 710 698 680
559 104 86 95 109
560 313 280 286 324
561 280 256 260 286
562 256 238 244 260
563 238 220 227 244
564 220 204 212 227
565 204 188 192 212
566 188 165 172 192
567 165 143 149 172
568 143 121 129 149
569 121 104 109 129
570 606 594 570 581
571 615 606 581 591
572 622 615 591 602
573 635 622 602 608
574 646 635 608 620
575 662 646 620 639
576 674 662 639 655
577 687 674 655 668
578 698 687 668 680
579 626 638 658 645
580 613 626 645 632
581 597 613 632 617
582 108 120 103 93
583 120 130 116 103
584 130 142 126 116
585 142 158 140 126
586 158 171 153 140
587 171 184 169 153
588 218 233 224 207
589 233 250 242 224
590 355 363 366 350
591 363 375 383 366
592 386 398 383 375
593 398 429 413 383
594 429 459 462 413
595 508 517 499 491
596 517 508 524 538
597 459 484 491 462
598 270 283 279 264
599 283 294 288 279
600 294 312 317 288
601 329 338 350 348
602 312 329 335 317
603 250 264 266 242
604 264 279 288 266
605 597 617 593 582
606 562 582 593 567
607 538 562 567 541
608 45 55 65 56
609 93 103 88 80
610 103 116 100 88
611 55 67 75 65
612 67 80 88 75
613 153 169 155 139
614 169 184 195 183
615 140 153 139 123
616 116 126 112 100
617 126 140 123 112
618 545 533 455 494
619 553 545 494 514
620 563 553 514 528
621 455 324 340 494
622 324 286 295 340
623 286 260 268 295
624 260 244 252 268
625 244 227 235 252
626 227 212 221 235
627 212 192 203 221
628 192 172 181 203
629 172 149 154 181
630 149 129 135 154
631 129 109 118 135
632 109 95 102 118
633 68 56 65 76
634 82 68 76 89
635 95 82 89 102
636 570 563 528 540
637 581 570 540 554
638 591 581 554 568
639 602 591 568 578
640 608 602 578 586
641 620 608 586 593
642 620 593 617 639
643 639 617 632 655
644 632 645 668 655
645 658 680 668 645
646 195 207 198 183
647 207 224 214 198
648 224 242 239 214
649 350 366 371 348
650 329 348 353 335
651 366 383 413 371
652 517 538 541 516
653 499 517 516 497
654 462 491 499 471
655 413 462 471 435
656 155 169 183 168
657 76 65 75 85
658 75 88 100 85
659 494 340 360 514
660 340 295 303 360
661 567 593 586 560
662 586 578 550 560
663 295 268 275 303
664 578 568 534 550
665 541 567 560 532
666 268 252 257 275
667 528 514 360 400
668 568 554 511 534
669 540 528 400 476
670 554 540 476 511
671 127 118 102 114
672 102 89 99 114
673 85 100 112 99
674 99 112 123 114
675 123 139 127 114
676 118 127 141 135
677 139 155 141 127
678 154 135 141 156
679 141 155 168 156
680 154 156 168 181
681 168 183 198 181
682 181 198 214 203
683 203 214 239 221
684 235 221 239 251
685 252 235 251 257
686 242 266 277 239
687 266 288 306 277
688 288 317 351 306
689 317 335 356 351
690 371 413 435 380
691 348 371 380 353
692 471 499 497 475
693 435 471 475 450
694 335 353 364 356
695 516 541 532 506
696 497 516 506 480
697 532 560 550 518
698 360 303 309 400
699 303 275 274 309
700 275 257 251 274
701 476 400 309 322
702 511 476 322 362
703 511 362 481 534
704 550 534 481 518
705 251 239 277 274
706 351 356 426 469
707 309 274 277 322
708 322 277 306 362
709 481 362 306 351
710 364 353 380 395
711 395 380 435 450
712 475 497 480 450
713 395 450 480 426
714 356 364 395 426
715 480 506 469 426
716 506 532 518 469
717 469 518 481 351
718 369 358 367 372
719 397 402 392 388
720 419 433 434 409
721 85 99 89 76