    1               8               0               
    2               8               1               
    3               7               0               
    4        6.997479      1.00142545               
    5               8               2               
    6               6               0               
    7      6.99495801      2.00285089               
    8      5.99495801      1.00285089               
    9      5.98991602      2.00570178               
   10               5               0               
   11               8               3               
   12        6.997479      3.00142545               
   13      4.99592001      1.00238966               
   14      5.99495801      3.00285089               
   15      4.99184001      2.00477933               
   16               8               4              
   17               4               0               
   18               7               4               
   19        3.996882      1.00192844               
   20      4.99592001      3.00238966               
   21               6               4               
   22        3.993764      2.00385687               
   23               3               0               
   24               5               4               
   25        3.996882      3.00192844               
   26      3.00056121     0.999459277               
   27      3.00112241      1.99891855               
   28               4               4               
   29      3.00056121      2.99945928              
   30               2               0               
   31      2.00424041     0.996990117               
   32      2.00848082      1.99398023               
   33               3               4               
   34      2.00424041      2.99699012               
   35               1               0               
   36      1.00212021     0.998495059               
   37               2               4               
   38      1.00424041      1.99699012               
   39      1.00212021      2.99849506               
   40               0               0               
   41               1               4               
   42               0               1               
   43               0               2               
   44               0               3               
   45               0               4               