    1               0               2               
    2               0               1               
    3            1.25               2               
    4      1.26322138     0.999225512               
    5               0               0               
    6            1.25               0               
    7             2.5               2               
    8      2.51166593     0.999009114               
    9             2.5               0               
   10            3.75               2               
   11      3.75658341     0.999402728               
   12            3.75               0               
   13               5               2               
   14      5.00303502     0.999725905               
   15               5               0               
   16            6.25               2               
   17      6.25555667     0.999500893               
   18            6.25               0               
   19             7.5               2               
   20      7.50755899     0.999401771               
   21             7.5               0               
   22            8.75               2               
   23      8.75500749      1.00001083               
   24            8.75               0               
   25              10               2               
   26              10               1               
   27              10               0        