    1               0               2               
    2               0             1.5               
    3           0.625               2               
    4               0               1               
    5     0.631610691     0.999612756               
    6            1.25               2               
    7      1.25661069      1.49961276               
    8               0             0.5               
    9      1.26322138     0.999225512               
   10           1.875               2               
   11      1.25661069     0.499612756               
   12               0               0               
   13           0.625               0               
   14      1.88744366     0.999117313               
   15            1.25               0               
   16             2.5               2               
   17      2.50583297      1.49950456               
   18      2.51166593     0.999009114               
   19           1.875               0               
   20      2.50583297     0.499504557               
   21           3.125               2               
   22             2.5               0               
   23      3.13412467     0.999205921               
   24           3.125               0               
   25            3.75               2               
   26       3.7532917      1.49970136               
   27      3.75658341     0.999402728               
   28       3.7532917     0.499701364               
   29            3.75               0               
   30           4.375               2               
   31      4.37980921     0.999564317               
   32           4.375               0               
   33               5               2               
   34      5.00151751      1.49986295               
   35      5.00303502     0.999725905               
   36      5.00151751     0.499862953               
   37               5               0               
   38           5.625               2               
   39      5.62929585     0.999613399               
   40           5.625               0              
   41            6.25               2               
   42      6.25277834      1.49975045               
   43      6.25555667     0.999500893               
   44      6.25277834     0.499750446               
   45            6.25               0               
   46           6.875               2               
   47      6.88155783     0.999451332               
   48           6.875               0               
   49             7.5               2               
   50      7.50377949      1.49970089               
   51      7.50755899     0.999401771               
   52      7.50377949     0.499700885               
   53             7.5               0               
   54           8.125               2               
   55      8.13128324     0.999706298               
   56           8.125               0               
   57            8.75               2               
   58      8.75250374      1.50000541              
   59      8.75500749      1.00001083               
   60      8.75250374     0.500005413               
   61            8.75               0               
   62           9.375               2               
   63      9.37750374      1.00000541               
   64           9.375               0               
   65              10               2               
   66              10             1.5               
   67              10               1               
   68              10             0.5               
   69              10               0                                   